# designs/ccrwest/design_24_10_5
# design: C(24,10,5)=297 - schema: 14 base index on 25, 5 mismatches, 297 blocks
000000110011111100111111
000000111111110011110110
000000111111110011111001
000011001001111101011111
000011011011110101001111
000011011110011101110110
000011011110011101111001
000011101111101111000110
000011101111101111001001
000011110001111110110110
000011110001111110111001
000011111010001001111111
000100011101101011101111
000100101110010111011111
000111001001110101101111
000111010100011110101111
000111100111100010011111
000111110111011111100000
001001011010101110101111
001001101010111110001111
001001111001010010111111
001010000011111111001111
001010000111011011011111
001010110000100111111111
001011001011011011001111
001011101001110101001111
001011101111111100110000
001100011011111100110011
001100011011111100111100
001100100101101111110101
001100100101101111111010
001100111110011111000011
001100111110011111001100
001101001010101110011111
001101010111000101101111
001101100100111001011111
001110000011011011101111
001110011110110000101111
001110101101001100011111
001111001111100001110110
001111001111100001111001
001111010101111101000101
001111010101111101001010
001111011001111011110000
001111101010001110110011
001111101010001110111100
001111110100010011110101
001111110100010011111010
001111111011110010000011
001111111011110010001100
010001000101001111111111
010001001111101110001111
010001110110110011001111
010001111011111111010000
010010001100111010111111
010010111111000110001111
010011001001110111001111
010101010011100110011111
010101011000101101011111
010101011000110100111111
010101011110110110100101
010101011110110110101010
010101100111110101010011
010101100111110101011100
010101101011011000101111
010101111001000111110101
010101111001000111111010
010110010110101011110011
010110010110101011111100
010110011011010001011111
010110100010101101101111
010110101111011010010101
010110101111011010011010
010110110001010011011111
010110111001111001100011
010110111001111001101100
010111001000111111010011
010111001000111111011100
010111010001011001011111
010111111000100100011111
010111111011101100110000
011000001111100001111111
011000111100011101001111
011001000111011110110101
011001000111011110111010
011001001010101111001111
011001111100101101100011
011001111100101101101100
011010010011011011001111
011010011101010111010011
011010011101010111011100
011010101010110101110101
011010101010110101111010
011010110111100110100101
011010110111100110101010
011011000110010100111111
011011011011001011100101
011011011011001011101010
011011101101101011110000
011011110101101000001111
011011110110111000010011
011011110110111000011100
011100010010011010111111
011100011010001110011111
011100100001110110101111
011100110110001010011111
011101010010100011011111
011101011001100100011111
011101011101101010010110
011101011101101010011001
011101011111011001110000
011101100010111011100110
011101100010111011101001
011110001101111111100000
011110010001110001011111
011110011100111110110000
011110110011001101010110
011110110011001101011001
011110111011101010110000
011111010001110111110000
011111101000000011101111
011111101101010100100110
011111101101010100101001
011111111110100011010000
100001011100111101001111
100001011111011000011111
100001101110100101101111
100001111100110100101111
100010010110101101011111
100010100111010101101111
100010101101010011101111
100011100101110001101111
100011101100101100101111
100011110111100111110000
100101000010110011111111
100101010111011011010011
100101010111011011011100
100101101100100110101111
100101101101111010100011
100101101101111010101100
100101110001001111001111
100101111010101001110101
100101111010101001111010
100110001011000110111111
100110011101001110110101
100110011101001110111010
100110100110111101100011
100110100110111101101100
100110110011111111010000
100110110101010001101111
100110111000111010001111
100111001011010111100101
100111001011010111101010
100111111100110100010101
100111111100110100011010
101000010101110110011111
101000100110001111101111
101000100111001010111111
101000101110011010101111
101001001100110111110011
101001001100110111111100
101001101101100100101111
101001110011110101100101
101001110011110101101010
101001111111000110010101
101001111111000110011010
101010011110111010100101
101010011110111010101010
101010100011011011110011
101010100011011011111100
101010100101010001111111
101010100110101010101111
101010111101101001010011
101010111101101001011100
101010111111010101110000
101011001010101110001111
101011010010101111010101
101011010010101111011010
101011011100000011011111
101011110101011111100000
101100001000011101111111
101100110011011010001111
101100111011100001001111
101101001111101111100000
101101101001011101010110
101101101001011101011001
101101110010111110110000
101110000111110110010110
101110000111110110011001
101110111000100111100110
101110111000100111101001
101111000001101000111111
101111001110111011010000
101111110010010100001111
101111110111001000100110
101111110111001000101001
110000001011101111110110
110000001011101111111001
110000011010010111101111
110000101001101011011111
110000110100111111010110
110000110100111111011001
110000111111011100100110
110000111111011100101001
110001011101111101110000
110010100101011001101111
110010101101110111110000
110011010011100010101111
110011010101110011100110
110011010101110011101001
110011011100100000111111
110011011111011110010000
110011011111110011100000
110011100000011110011111
110011100101001101110110
110011100101001101111001
110011101110100010110110
110011101110100010111001
110011111000111111100000
110011111011010001010110
110011111011010001011001
110100000111111100001111
110100110100100001111111
110100110100111111110000
110100110101001000111111
110100111100000010111111
110101001100110100011111
110101101100011111110000
110101110011101110000011
110101110011101110001100
110101110100010000111111
110110010001010101011111
110110011111100101000101
110110011111100101001010
110110110010010110110011
110110110010010110111100
110110110100000100111111
110111000011111000110101
110111000011111000111010
110111001110001001001111
110111101101001101110000
110111111100001011000101
110111111100001011001010
111000111110001111110000
111001001111111001000101
111001001111111001001010
111001010000111001101111
111001100011000101011111
111001100110001010101111
111001110111101001110000
111001111000011010110011
111001111000011010111100
111010010110111101110000
111010011001001100101111
111010101001111110000101
111010101001111110001010
111010101010110000011111
111010101111111110000000
111011011001100100110011
111011011001100100111100
111011100110010111000101
111011100110010111001010
111100010001011111100101
111100010001011111101010
111100010011000001111111
111100011010110011010101
111100011010110011011010
111100101011001010001111
111100101110101100010101
111100101110101100011010
111100101111000011100011
111100101111000011101100
111100110101110000110101
111100110101110000111010
111101001101010010001111
111101010110000101110110
111101010110000101111001
111101101011100110110000
111101110101110111000000
111110000100100111001111
111110001100011001110110
111110001100011001111001
111110010010001010011111
111110100111111011000000
111111000100101110100011
111111000100101110101100
111111001011001101000011
111111001011001101001100
111111011010011100000110
111111011010011100001001
111111011110010010110000
111111100001100011010011
111111100001100011011100
111111101110110001100000
111111110000011101110000
111111110101001110010000
111111111011011100000000
