# 75 with 6, based on 55_6 padded with zeroes
00000110111100111011011100000000000000000000000000000000000000000000000000
11011000100010101011111000000000000000000000000000000000000000000000000000
11110110011110010000100100000000000000000000000000000000000000000000000000
10001111001111001101101000000000000000000000000000000000000000000000000000
01111001010001011101001100000000000000000000000000000000000000000000000000
10100001110011110110110100000000000000000000000000000000000000000000000000
01010111101101100110010000000000000000000000000000000000000000000000000000
00000000000000000000000000000000011111111111110010000000000000000000000000
00000000000000000000000000011111100000110011111010000000000000000000000000
00000000000000000000000000011111100000111011101100000000000000000000000000
00000000000000000000000000011111111111001100001000000000000000000000000000
00000000000000000000000001100110001010101010111110000000000000000000000000
00000000000000000000000001100110010101010101011110000000000000000000000000
00000000000000000000000001100110010101111101001100000000000000000000000000
00000000000000000000000001111001101010011001010110000000000000000000000000
00000000000000000000000001111001110101100110100100000000000000000000000000
00000000000000000000000010000001100001011110111110000000000000000000000000
00000000000000000000000010000001111110100001011110000000000000000000000000
00000000000000000000000010000001111110111001001100000000000000000000000000
00000000000000000000000010011110000001101101010110000000000000000000000000
00000000000000000000000010011110011110010010100100000000000000000000000000
00000000000000000000000011100111101011110100000000000000000000000000000000
00000000000000000000000011100111110100001011100000000000000000000000000000
00000000000000000000000011111000001011000111101000000000000000000000000000
00000000000000000000000011111000010100111000011010000000000000000000000000
