# 10 base index on 20, 5 mismatches 
1110100110101001000
0000101111101100001
0100001010111011001
1010000011111110000
1000001101001011110
1100101000011100110
1101100011001010011
0011101010001111010
0110101011100010110
1100011110001110100
0010001110110101110
0110110010011100101
1001101001110001010
1011010001010110110
1111110100000001110
0010100001011001111
0110000100001110111
0110011101110000100
1100110001100010101
0111001111011000010
0010010111001011101
1100000111110000111
1001000110011101011
1000111011011001100
1000100010100111111
1101001100100110010
0111100000110100011
0111111001001010000
1110010000111011010
1111000010010011100
0010111000100111100
1101111010110100000
0101101110000001101
0011000101100011011
0000011001111110011
1101010101011000001
0001111101000100111
0101011000010011111
0011011100011101000
1001011111100011000
1011100111000100100
0001001011010110101
1010110101101100010
0011110011110001001
1001110000001111001
0100111100101001011
1000010100110101101
0111010110100110001
1001010110101000110
0001011010101010110
0011110010101000110
0010110110010110010
1101000001101111100
1101100100111010100
0001101100111110100
0011100100111011100
0111000001111101100
0000111110010011010
0000110110011010011
0101000011101101101
1100110110010010010
0101101001101101100
0101010010111000110
0100010011001101011
0100010011000111110
0110010011010101010
0101000101101101100
1010011010100010011
1011011110000000011
1010011010011000011
0000110111110010010
1110001001000111011
1100100101010111000
0100101101010111010
0100110011100101010
1011101000101001101
1110001101000101001
1111001100101000101
1010111100110010001
1011001001111000101
0001100101111010110
1110101011000101001
1011101110010010001
1100011011000101010
0001010011101000111
0100100101110111001
0110100101011111000
1011001010101010101
0100100111010111100
1010101101010010011
1010101100010011101
1110101100010010001
0101110101010111000
1010011011000000111
0001110110110010101
1011011000101100101
1110011001001101001
1011001000101000111
0001100100111010101
1110001001110101001
1111001001000101101
0101010001101101110
0001110111010010100
1110111010000000011
0001010010101101110
1010101100011110001
1010011010000101011
0101010111000101010
