# designs/ccrwest/design_29_15_7
# design: C(29,15,7)=827 - schema: 14 base index on 30, 7 mismatches, 827 blocks
00000000010100111101111001111
00000000011100010111101110111
00000000100110101101110101111
00000000110010100011011111111
00000000110110010011101110111
00000000110111110100110010111
00000000111100110011111111000
00000000111110100001111001111
00000001101110111111001101000
00000010010101010010111110111
00000010010111001110010011111
00000010100000001110111111111
00000010101011111111010011000
00000011100010111001011001111
00000011101101001101011111000
00000011101111111000111010000
00000011111010010000110101111
00000100010111001011100101111
00000100101111111111100100000
00000100111111000000111011011
00000101010100010010111110111
00000101101101101101101101000
00000110001110111011000001111
00000110011111011101101100000
00000110100001101100110111011
00000110100001101101110111100
00000110100110100101110001111
00000110110010101001111111000
00000110110111101101101100000
00000110111110111011001100000
00000111000001101101000111111
00000111000101011110101000111
00000111001001001111011000111
00000111011001001100100110111
00000111100011001100100110111
00000111100110011111011010000
00000111101111011010000111000
00000111110011010010001110011
00000111110101001100000110111
00001000001000101111001111111
00001000001110100010101111111
00001000011001101110101001111
00001000011100011100100111111
00001000100110110001110011111
00001000101110001110111000111
00001000110100011010101110111
00001000110110100011110001111
00001000111010001101010110111
00001000111100101110001001111
00001001001010111110001001111
00001001001111110110010101100
00001001011011100100111011100
00001001111010000101111111000
00001001111011010101110110000
00001010010010001011111010111
00001010101000111110001001111
00001010111111110100101100000
00001011010001111011100101010
00001011010001111011100101100
00001011010110111110001011000
00001011100110011000110100111
00001011101011000001011110011
00001100110111100101011011000
00001101001010101010010110111
00001101001100101110001001111
00001101011111101001010110000
00001101110110000110111110000
00001101111011010001010000111
00001110001000110010110101111
00001110011010001000011101111
00001110111001110111101000000
00001111001001100010000111111
00001111001110010110110011000
00001111010101000010100110111
00001111011100110000100001111
00001111100010101100110111000
00001111110111001110010100000
00001111111100010110001101000
00010000101010111110100001111
00010000101110010011110100111
00010001000111110111101101000
00010001010100111110110010011
00010001010100111111110010100
00010011001100100111100010111
00010011011000110101001100111
00010011101011110110001010100
00010011111101011010011010000
00010011111111000001100001011
00010100001101101011100100111
00010100011001011110011111000
00010100011001111001001010111
00010100101100010110001110111
00010101001110110111001011000
00010101011111101001010110000
00010101100011011010101001011
00010101100011011010101001101
00010101100011011010101001110
00010101110101010011110110000
00010111001000100101111010011
00010111001000100101111010101
00010111001000100101111010110
00010111010011110010010110100
00010111011110101110001001000
00010111111010101101001100000
00010111111011100000000001111
00010111111110101100000101000
00011010010111001100001110011
00011010010111001100101110100
00011010111001110110110001000
00011011000100001001101011111
00011011010000011011000101111
00011011111111000001100001100
00011100000101000101101101111
00011100010001010111000011111
00011100100011100100011100111
00011101001101101000111101000
00011110001110010011110011000
00011110100000101010111111000
00011111000001011100000110111
00011111110100010111000101000
00100000111010101100001101111
00100001010110010111000110111
00100010010111001100101110011
00100010010111001100101110101
00100010010111001100101110110
00100010111001110110101000011
00100010111001110110101000101
00100010111001110110101000110
00100011001100100111100010111
00100011011000110101001100111
00100100001101101011100100111
00100100011001011110011111000
00100100011001111001001010111
00100100100000011110010111111
00100100110111100100011011001
00100100110111100100011011010
00100101100110100001110001111
00100110001110010010110011011
00100110001110010010110011101
00100110001110010010110011110
00100111000001011100010110111
00100111001001010011000110111
00101001000110110111001001011
00101001000110110111001001101
00101001000110110111001001110
00101001010100111110110010001
00101001010100111110110010010
00101011000100001001101011111
00101011010000011011000101111
00101011101101001000011010011
00101011101101001000011010101
00101011101101001000011010110
00101011111111000001100001001
00101011111111000001100001010
00101100000101000101101101111
00101100010001010111000011111
00101100100011100100011100111
00101101100011011010101001001
00101101100011011010101001010
00101101110001010011010010011
00101101110001010011010010101
00101101110001010011010010110
00101111001000100101111010001
00101111001000100101111010010
00101111011010101100000001011
00101111011010101100000001101
00101111011010101100000001110
00110000001000111111010010111
00110000011000011111011000111
00110000011100001001111100111
00110001001111000110001100111
00110001011011010100100010111
00110001101001001010101010111
00110001111010000100110110011
00110001111010000100110110101
00110001111010000100110110110
00110001111101011000000100111
00110010000001001111100110111
00110010000011001100111001111
00110010000011100001101110111
00110010001001111110000001111
00110010010111110011000000111
00110010100101000000011111111
00110010100101101101001000111
00110010110001010010110001111
00110011000011110010011110001
00110011000011110010011110010
00110011000100010101100101111
00110011000100111000110010111
00110011010000101010011100111
00110011010001111011100101000
00110011011101000001011000111
00110011100010011001000011111
00110011100010110100010100111
00110011111111000001100001100
00110100000101110100110100111
00110100010001001011001101111
00110100010001100110011010111
00110100100011010101000101111
00110101000010000000111111111
00110101000010101101101000111
00110101001101100000101101011
00110101001101100000111101100
00110101010110010010010001111
00110101100011011010101001100
00110101100100001100011001111
00110101100100100001001110111
00110101110000110011100000111
00110110001110001010001010111
00110110011010011000100100111
00110110101000000110101100111
00110110111100010100000010111
00110111110100010110000101001
00110111110100010110000101010
00111000001000011010011101111
00111000010000010111011100111
00111000010010001001111011011
00111000010010001001111011101
00111000010010001001111011110
00111000010010110010101001111
00111000010100100011110001111
00111000011100001110110000111
00111000100010011100001110111
00111000101110111010000100011
00111000101110111010000100101
00111000101110111010000100110
00111000110000001111010001111
00111000110010000011011010111
00111000110010100010000111111
00111000110110001110100000111
00111000111000110000111000111
00111001000111000101010010111
00111001000111101000000101111
00111001100001001001110100111
00111001100001100100100011111
00111001101000001101001101011
00111001101000001101001101101
00111001101000001101001101110
00111010000101000101010111011
00111010000101000101010111101
00111010000101000101010111110
00111010001011100010110000111
00111010010111001100101100001
00111010010111001100101100010
00111010101101000011000001111
00111011011000000100010101111
00111011011000101001000010111
00111100001010010111100100011
00111100001011010111100100100
00111100011001001000010011111
00111100011001100101000100111
00111100100101101101100000011
00111100100101101101100000101
00111100100101101101100000110
00111100101011010010001000111
00111101001010000011100001111
00111101001101100000101101100
00111101011000011100001000111
00111101101100100010010000111
00111101110011001010000000111
00111110000000110001011001111
00111110000110001001010100111
00111110001100011011001000011
00111110011100011011001000100
00111110100000000101110010111
00111110100000101000110111001
00111110100000101000110111010
00111110100110010000101000111
00111110110010100001001100011
00111110110010100001001100101
00111110110010100001001100110
00111111001000100001111010100
01000000111111010110100011100
01000001000111110100001011111
01000001001001111001110001111
01000001010011100110100101111
01000001100001010101111010111
01000001110101000111010100111
01000010000111100111110111000
01000010001011010011101001111
01000010010110101011111011000
01000010011111000001000111111
01000010101101110010011000111
01000010111001100000110110111
01000011000101010101111111000
01000011010010011101111011000
01000011011111010010111001000
01000011101010000110010011111
01000011101010101011000100111
01000011101101011001101110000
01000011101110101010011101000
01000011111001001011100111000
01000100001101000110110011111
01000100101011001010010101111
01000100110101100110101011100
01000100111011111100111000000
01000101000010011110101111100
01000101001111000111101110000
01000101010101010001101110011
01000101011110001101000001111
01000101110010110101110101000
01000101111000101100110000111
01000110000110111000001101111
01000110010010101010100011111
01000110011100111011001011000
01000110100000011001111100111
01000110110100001011010010111
01000110110110100011111100000
01000111001011000011011101001
01000111001011000011011101010
01000111001101100110101110000
01000111011110011111000010000
01000111100101111001011001000
01001000010111001110001110011
01001000101101011100100011011
01001000101101011101100011100
01001000111100100001011001111
01001000111111010111011000000
01001001001111011010000010111
01001001010111011000110101100
01001001011011001000101100111
01001010000011111101100000111
01001010001101101110010110100
01001010100101011100010001111
01001010110110111010001011000
01001011000011110011011110000
01001011000100100100111100111
01001011010000111110011011000
01001011100010101000011010111
01001011111100100111000110000
01001100011010111000111000011
01001100011010111000111001100
01001100011110111000111000100
01001100100011001001001011111
01001101000010110001100110111
01001101001101110000101111000
01001101010110100011001000111
01001101100000111101001110010
01001101100100010000010111111
01001101110000000010111001111
01001101110000111100001110100
01001110001110010110000100111
01001110011010000100101010111
01001110100111101110110000000
01001110101010011011110100000
01001110110001000111101011000
01001110111010010000111110000
01001111100011101100011100000
01001111100100111100101100000
01001111110111110000100010000
01010000010001101111011100011
01010000010001101111011100101
01010000010001101111011100110
01010000010100010010101111111
01010001001111101010010011100
01010001100110100001110001111
01010001110101110110000101100
01010001111010011100110110000
01010010011111110000011110000
01010010100101011110001111000
01010010101110111011100100000
01010010111000010001001111011
01010010111010010001001111100
01010011000110110110111001000
01010011101000011101011101000
01010100001011110110100111000
01010100100110001011000111011
01010100100110001011000111101
01010100100110001011000111110
01010101011100001111110001000
01010110001101110100010100011
01010110001101110101010100100
01010110100011001100011101100
01010110100011011111010010000
01010110101000111000110111000
01010110111100011001110100000
01010111011010101101000011000
01011001010111011000010101001
01011001010111011000010101010
01011001101011101010101010000
01011001111001100010010001011
01011011101101001100011010000
01011100110100000010111100011
01011101100000111100001110001
01011101111001100010010001100
01011111011001001010100110000
01100000010100110010101110111
01100001010111011000010101011
01100001010111011000010101101
01100001010111011000010101110
01100001101011101011101010000
01100011111100100111000110000
01100101011100001111110001000
01100101100000111100001110011
01100101100000111100001110101
01100101100000111100001110110
01100101111000110011010011000
01100111011001001010100110001
01100111011001001010100110010
01100111110111110000100010000
01101000000011100110100111011
01101000000011100110100111101
01101000000011100110100111110
01101000010001101111011100001
01101000010001101111011100010
01101010101000011001110100011
01101010101000011001110100101
01101010101000011001110100110
01101010111010010000001111001
01101010111010010000001111010
01101100100100001011000111110
01101100100110001011000111001
01101100110100000010111100011
01101100110100000010111100101
01101100110100000010111100110
01101110001101110100010100001
01101110001101110100010100010
01110000010001101111011100100
01110000101101011100100011001
01110000101101011100100011010
01110000111111010101011000000
01110010010100101010001011011
01110010010100101010001011101
01110010010100101010001011110
01110011010000000111001001111
01110100011010111000111000001
01110100011010111000111000010
01110100100011101000010010111
01110100110001000111101011000
01110101001000110001001111100
01110110001010100100010001111
01110110100011001110010000011
01110110100011001110010000101
01110110100011001110010000110
01111000000000110001011101111
01111000000001110001011001111
01111000000101010001101110011
01111000111110000000100001111
01111001000101010001101110100
01111001111001100010010001001
01111001111001100010010001010
01111010000110100011110000011
01111010000110100011110000101
01111010000110100011110000110
01111011000000010100111001011
01111011000000010100111001101
01111011000000010100111001110
01111011000010011101000010011
01111011001000110011000011100
01111011010010011101000010100
01111100001000110101000011011
01111100001000110101000011101
01111100001000110101000011110
01111100001001110001000011011
01111100001001110001000011101
01111100001001110001000011110
01111100100110001011000111000
01111101001000110001000011011
01111101001010110001000011100
01111101001110000110001010010
01111101001110000110001010100
01111110000000101000100101111
10000000100011110001111101011
10000000100011110101111101100
10000000111111111110000110000
10000001000111011001011100111
10000001010011001011110010111
10000001100001111000101101111
10000001110100111110110010100
10000001110101101010000011111
10000001110111001011001111000
10000010001011011100001110111
10000010011010001011111111000
10000010011111000111010111000
10000010011111101100010000111
10000010101110111010101110000
10000010111001001101100001111
10000011001100001010110101111
10000011001110111100100111000
10000011101000001111101111000
10000011101010000110010011111
10000011111010000101110111000
10000100010110011001111111000
10000100011111010111100110000
10000100101011001010010101111
10000100101011100111000010111
10000100101110111010011101000
10000100110101111101100110000
10000101001010110010111000111
10000101011110100000010110111
10000101101100010011001001111
10000101111000000001100111111
10000101111100011100101011000
10000110000110010101011010111
10000110001011111101001011000
10000110010001111100010111100
10000110010010000111110100111
10000110010101010100110101011
10000110010101010100110101101
10000110010101010100110101110
10000110011011010110110101000
10000110011100011011101110000
10000110011110011001011101000
10000110100000110100101011111
10000110100110111000110111000
10000110101101100111001110000
10000110110100100110000101111
10000110110110110001101110000
10000110111010100011011101000
10000110111011101110100001000
10000111010111100011111000000
10000111110001010011110011000
10000111110001011001111100000
10001000001101001111011001011
10001000001101001111111001100
10001001011001110001001011011
10001001011001110001001011101
10001001011001110001001011110
10001001101001010110100100111
10001001111101000100001010111
10001001111110000110110110000
10001010000011010000110111111
10001010010111000010011001111
10001010100101110001000110111
10001010110001100011101000111
10001011000011110010111110000
10001011011100110100011100001
10001011100010000101001101111
10001011100010101000011010111
10001011110010001110011000101
10001100000101101000111010111
10001100101101100010111101000
10001101000010011100110001111
10001101010000001110001110111
10001101010010100110101111000
10001101100000111111010110000
10001101100100111101000000111
10001101100101101111100100000
10001101101000101111011001000
10001101101110010101010000011
10001110010010110010010110011
10001110101000011010100010111
10001110110110111001010001000
10001110111100001000001100111
10001111001010101111010100000
10001111101011010000000111010
10010000010100110010101110111
10010000100111100001110001111
10010000101111001110111001000
10010001001111111010110100000
10010001011011111000111010000
10010001100110110111001011000
10010010111001110110101010000
10010010111100111011010001000
10010011011100110100011100010
10010011100100000111110111000
10010011101101001010011110000
10010011110010001110011000011
10010011110010001110011000101
10010011110010001110011000110
10010100110111100100011011000
10010101000010111111010101000
10010101010010100110101111000
10010101011011111100110000000
10010110001110010010111011000
10010111000101101010000011011
10010111101011010000000111001
10011010110100111001010011000
10011100111010101011100010000
10011101101110010101010000100
10011110000011011101001010001
10011110000011011101001010010
10011110010101010101110001000
10011111000101101010000011100
10100000001101001111111001001
10100000001101001111111001010
10100000010100010010101111111
10100000100011110101111101000
10100010110100111001010001011
10100010110100111001010001101
10100010110100111001010001110
10100011011100110100011100100
10100100111010101001100010011
10100100111010101011100010100
10100110000011011101001010011
10100110000011011101001010101
10100110000011011101001010110
10100110101000101010111011000
10100111101011010000000111100
10101001001011111000110000011
10101001001011111000110000101
10101001001011111000110000110
10101011001100010010101000111
10101011100000000111100011011
10101011100000000111100011101
10101011100000000111100011110
10101011110010001110011000010
10101100101000110011011011000
10101101101110010101010000100
10101110010001010100110001011
10101111000101101010000011001
10101111000101101010000011010
10110001011001110001001011001
10110001011001110001001011010
10110001101001000101010001111
10110011110100000010101000111
10110100000101011001100010111
10110101000000101111010100011
10110101000000101111010100101
10110101000000101111010100110
10110101101110010101010000001
10110101101110010101010000010
10110111000101101010000011100
10111000000000110001011011111
10111000011110010000001001111
10111000011111000110000010011
10111000011111000110000010101
10111000011111000110000010110
10111000110001111100000110010
10111000110001111100000110100
10111001100101000010110100011
10111001100101000010110100101
10111001100101000010110100110
10111010001000001010101110011
10111010001000001010101110101
10111010001000001010101110110
10111010011010000011000101011
10111010011010000011010101100
10111010100110010000101010011
10111010100110110000101010100
10111011110010001110011000000
10111100000110011000011100011
10111100000110011000011101100
10111100010100010001100110011
10111100010100010001100110101
10111100010100010001100110110
10111100101000100010011001011
10111100101000100010011001101
10111100101000100010011001110
10111110000010100100000011111
10111110010001010100110001100
11000001001000011110010111011
11000001011001111101001011000
11000001011010010110101100101
11000001011010010111101100010
11000001100101010011111110000
11000010011100101010101111000
11000010011110100011110101000
11000010100110110011111010000
11000010100111011111010100000
11000010101101011100110011000
11000011001011111001110100000
11000011011000011000011011110
11000011100011100111100101000
11000011100111100011110100000
11000011100111110001101010000
11000011101000110110111001000
11000011110001101000111101000
11000011110011101101000110000
11000011111110101001101000000
11000100000101111110111010000
11000100001101110101101000110
11000100011001010100011101110
11000101000011001001110011011
11000101000011001001110011101
11000101000011001001110011110
11000101001111000110001010110
11000101010101010001101110100
11000101011101100000101101001
11000101011101100000101101010
11000101011111000110001010001
11000101101001110011110100000
11000101101110100110001011000
11000101111011111010001000000
11000111010001010100111001001
11000111010001010100111001010
11000111010100000101011111000
11000111010111001100100110000
11000111101101001011100001000
11000111110011100001001100001
11000111110011100001001100010
11000111111101001000011010000
11001000110001111100100111000
11001000110010011011111001000
11001000111110111000100101000
11001001100110100100010011101
11001010001011101100001001011
11001010011001100101110010010
11001010011001100101110010100
11001010100101010110001101001
11001010111100011101010100000
11001011010000110110000010111
11001011110010010111100001000
11001011111001101001010001000
11001100010001111010010100011
11001100010111110111000001000
11001100101011000100111110000
11001100101100101000110111000
11001100111001001101000101100
11001101001000101111110010000
11001101001110010100011101000
11001110000000111011101101000
11001110010010110010010110100
11001110101110000001101001010
11001110110011011110010000000
11001111101000110110100000100
11010000000000101101010111111
11010000001110101001011110001
11010000001110101001011110010
11010000011111100110100011000
11010000100110001100100110111
11010000110010011110001000111
11010010100101010110001101010
11010010101000011011110110000
11010010111010010000101111000
11010011100000000111111011000
11010100010111110111000001000
11010100011100110001100111000
11010100101000110011011011000
11010100111001001101000101001
11010101101110110100010010000
11010101110001010011011010000
11010110000000111011101101000
11010110101110000001101001001
11010110111100001000010010011
11010110111100001000010010101
11010110111100001000010010110
11010111000001001100000110111
11010111000001100001010001111
11010111100111000000100000111
11010111101000110110100000001
11011000001000000011011110111
11011000001000101110001001111
11011000011100010001110000111
11011000111010110000000001111
11011001001000011110010111000
11011001100110100100010011010
11011001110100101101101000000
11011001111001100010010001100
11011010001011101100001001100
11011011001101011011000000001
11011011001101011011000000010
11011100110100000010111100100
11011111000110001100100100001
11011111000110001100100100010
11100000000000101101010111111
11100000100110001100100110111
11100000100110100001110001111
11100000110010011110001000111
11100001001000011110010111100
11100001011010010111101100000
11100001100111100100010111000
11100001110100101101001000011
11100001110100101101101000100
11100001111001100010010001011
11100001111001100010010001101
11100001111001100010010001110
11100010100101010110001101100
11100011001101011011000000011
11100011001101011011000000101
11100011001101011011000000110
11100011100110100100110011000
11100100111001001101000101010
11100110101110000001101001100
11100111000001001100000110111
11100111000001100001010001111
11100111000110001100100100011
11100111000110001100100100101
11100111000110001100100100110
11100111100111000000100000111
11100111101000110110100000010
11101000001000000011011110111
11101000001000101110001001111
11101000001110101001011110000
11101000011100010001110000111
11101000111010110000000001111
11101010001011101100001001100
11101100011100110001100011000
11101101000011001001110011000
11101110111100001010010010000
11110000001000011111010000111
11110000001000110010000111111
11110000011100100000101001111
11110000110010011010100001011
11110000110010011010100001101
11110000110010011010100001110
11110000111010000001011000111
11110010001011101100001001001
11110010001011101100001001010
11110010011001100101110010000
11110011001101011011010000000
11110100001011000100111110000
11110100110100000010111100001
11110100110100000010111100010
11110110010010110010010110000
11110111000110001100100100100
11111000000000011100001110111
11111000010100001110100000111
11111000011100100000100101011
11111000011100100000100101101
11111000011100100000100101110
11111000100000010011011010011
11111000100000010011011010101
11111000100000010011011010110
11111000100110010000101000111
11111000110010000010000110111
11111011100010100001000100011
11111011100011100001000100100
11111101010001000011011001000
11111101010001010001011010000
11111101010001010010001011000
11111101010011000100001000101
11111101010011001100001000010
11111101010101000001001101000
11111101010101000010011100000
11111101010101010000001110000
11111101011001001000001000011
11111101011001001000001100100
11111101011011000100001000010
11111101011101001000001000100
11111101110001000000101000011
11111101110001000000101000101
11111101110001000000101000110
11111111000001010000001000111
11111111010001100000001000011
11111111010001100000001000101
11111111010001100000001000110
