# Merging schema 25,2 with 26,2
# Schema 50 5
0000000000111111111111110000000000000000000000000
0000111111000000111111110000000000000000000000000
0011111111111111000000000000000000000000000000000
1100111111111111000000000000000000000000000000000
1111000111000111000011110000000000000000000000000
1111111000111000000011110000000000000000000000000
1111000111111000111100000000000000000000000000000
1111111000000111111100000000000000000000000000000
0000000000000000000000000000001101111001110110111
0000000000000000000000001110110001000101010111110
0000000000000000000000001111101100111100100001001
0000000000000000000000000100011110011110011011010
0000000000000000000000001011110010100010111010011
0000000000000000000000000101000011100111101101101
0000000000000000000000001010101111011011001100100
