1111111101111110000000000000000000000000
1111111111100000111000000000000000000000
1111111111100000000011100000000000000000
1111111000001111111000000000000000000000
1111111000001110000011100000000000000000
1111111000000000111111100000000000000000
1110000011111111111000000000000000000000
1110000011111110000011100000000000000000
1110000011100000111111100000000000000000
1110000000001111111111100000000000000000
0000111111011111111000000000000000000000
0000111111111110000011100000000000000000
0000111111100000111111100000000000000000
0000111000001111111111100000000000000000
0000000011111101111111100000000000000000
0000000000000000000000001111111111111000
0000000000000000000000001111111111100011
0000000000000000000000001111111110001111
0000000000000000000000001111111000111111
0000000000000000000000001111100011111111
0000000000000000000000001110001111111111
0000000000000000000000001000111111111111
0000000000000000000000000011111111111111
