# designs/ccrwest/design_34_20_8
# design: C(34,20,8)=792 - schema: 14 base index on 35, 8 mismatches, 792 blocks
0000000000101010111011010011110001
0000000001011001110100101001011110
0000000001110011001111101010101000
0000000010001011000011110111110001
0000000010001011011110101101100010
0000000010001011011110111100100001
0000000010010101101010011111010001
0000000010100001100101111111000110
0000000010100001100101111111010001
0000000011010010101010000101111110
0000000011010010110111001110101000
0000000011101110010101100101101000
0000000011101110101000101110101000
0000000011111000010001010110011110
0000000100000111101001010110011110
0000000100100101001111011110101000
0000000100101101010010000101111110
0000000100110011101011101101001000
0000000100111011110110100110001000
0000000101010111101001110010101000
0000000101011110011101101110000000
0000000101110100100110101100100011
0000000101110100100110101100110100
0000000110001100110111101010101000
0000000110100110001100101001011110
0000000111010101000011010011100101
0000000111010101010011010011110000
0000000111111111111000000000000011
0000000111111111111000010000010000
0000001000010110100100110011110011
0000001000101010111011010011100010
0000001000111100011111100000010011
0000001001001111010000011010101101
0000001001100101101011001001001101
0000001010001011011110101100110000
0000001010100001110101111111000000
0000001010110111000001001100110011
0000001011000100001110110110001101
0000001011101000011100100010110011
0000001100010001001101100101101101
0000001101001000111001001100110011
0000001101100010000010011111010011
0000001101110100100110101101100000
0000001110011010010011001001001101
0000001110110000101000011010101101
0000001111000011100111100000010011
0000001111010101000011010011100010
0000001111111111111000000000000100
0000010000001000011101011011010111
0000010000010100111101010001011101
0000010000101010100110011000110111
0000010000101010100111001000111101
0000010000101010111011010011100100
0000010001000000011111011010110101
0000010001011001101001110010001011
0000010001110000101010100110110101
0000010001110011010010100001101011
0000010010000001011001011101011101
0000010010001011011110101100100100
0000010010100001111000100101011101
0000010010100001111001110100010101
0000010010101001100101111111000000
0000010010110101011000010111100100
0000010011111000001100001101001011
0000010011111110000100001010010101
0000010100000010011101011011010101
0000010100000111110100001101001011
0000010100101010100110001010110101
0000010101011110000000100101011101
0000010101011110000001110100010101
0000010101011110010000100110010101
0000010101110100100110111100100000
0000010110001100101010100001101011
0000010110100001111000100110010101
0000010110100110010001110010001011
0000010111010101001100001000110101
0000010111011101000011010011100000
0000010111111111111000000001000000
0000011000000000011101111011010101
0000011000010110111001101000100110
0000011000101010100110001001110101
0000011000111100000010111011000110
0000011001001111001101000001111000
0000011001100101110110010010011000
0000011010011101100111000100000110
0000011010100001111000100100010111
0000011011000011101010111010000100
0000011011000100010011101101011000
0000011100010001010000111110111000
0000011101001000100100010111100110
0000011101011110000000100100010111
0000011101100010011111000100000110
0000011110011010001110010010011000
0000011110110000110101000001111000
0000011111101001000001101000100110
0000100000011100111100000110101011
0000100000011100111100010111101000
0000100000101011111011010011100000
0000100000110110000111010101011001
0000100000110110010111010101001100
0000100001000101001000101111110110
0000100001101111110011101100000000
0000100001111001000110001110100101
0000100010010111100010101010001011
0000100010010111100010101011011000
0000100010101011111100001010010001
0000100010111101011001101000101000
0000100011001110010110000011010110
0000100011010000101111101011100000
0000100011100100101101010000110110
0000100011100110101011010001101000
0000100011110101001101100110001000
0000100100011011010101010000110110
0000100100110001101110000011010110
0000100101000010100001111001101110
0000100101000010100001111001111001
0000100101011111011011000010100000
0000100101101000011010101011001010
0000100101101000011010111010001001
0000100110000110101111001111000000
0000100110010000001011111100010110
0000100110110010101101110100100000
0000100110110101001010101110100000
0000100110111010110000101110100000
0000100111001001111111000100001000
0000100111010110000110101100101000
0000100111100011000100000110101011
0000100111100011000100000110111100
0000100111100011000100010111101000
0000101000001010011000110101011011
0000101000011100111100000110111000
0000101000100000100011100110111011
0000101000110110000111010101001010
0000101001010011101100011100000101
0000101010000001000110011001111011
0000101010010111100010101010001100
0000101011011000110010110000100101
0000101011110010001001100011000101
0000101100001101110001100011000101
0000101100100111001010110000100101
0000101101000010110001111001101000
0000101101010100000101001010011011
0000101101101000011010101010011000
0000101101110100100000010001011011
0000101110101100010100011100000101
0000110000011100100000011101110101
0000110000011100111100000110101100
0000110000100000011101011011010101
0000110000100000101100111100101110
0000110000100111010110101010110000
0000110000110110011010001100010101
0000110000111110000111010101001000
0000110001000101010101110100100011
0000110001001101101110100110000001
0000110010010111100010111010001000
0000110010111101000100100000110101
0000110011001110001011011000000011
0000110011100100110000001011100011
0000110100011011001000001011100011
0000110100110001110011011000000011
0000110101000010111100100000110101
0000110101001010100001111001101000
0000110101101000000111100001011100
0000110101101000011010101010001100
0000110101111110100001000010100100
0000110110010000010110100111000011
0000110111001001100010001100010101
0000111000001010000101101110001110
0000111001010011110001000111010000
0000111001111001001010010100110000
0000111010000001011011000010101110
0000111010101011100000010001001110
0000111011110010010100111000010000
0000111100001101101100111000010000
0000111101010100011000010001001110
0000111110000110110010010100110000
0000111110101100001001000111010000
0000111111100011000100000110101000
0011000000000000011010111111110010
0011000000000001011010011001011111
0011000000000001011010100110101111
0011000000000101100000111111110001
0011000000000110110011001011101001
0011000000000110110011110100011001
0011000000000111101001010010110110
0011000000000111101001101101000110
0011000000001010000101011001011111
0011000000001010000101100110101111
0011000000001011011111000000001111
0011000000001011011111000110000011
0011000000001011011111000110001100
0011000000001011011111011001010000
0011000000001100110110010010110110
0011000000001100110110101101000110
0011000000001101101100001011101001
0011000000001101101100110100011001
0011000000010000100001111111110001
0011000000010000101111000111011010
0011000000010000101111111000101010
0011000000010001110101011110000101
0011000000010001110101100001110101
0011000000010101000001111111110000
0011000000010110011100001100110011
0011000000010110011100110011000011
0011000000010111000110010101101100
0011000000010111000110101010011100
0011000000011010101010011110000101
0011000000011010101010100001110101
0011000000011011110000000111011010
0011000000011011110000111000101010
0011000000011100011001010101101100
0011000000011100011001101010011100
0011000000011101000011001100110011
0011000000011101000011110011000011
0011000000100010000001111111110001
0011000000100111000000111111110000
0011000000101000000000111111110110
0011000000101000010000111111110100
0011000000101011011111101000010000
0011000000101011011111110001000000
0011000000110010100000111111110000
0011000000111111011111000000100000
0011000001000010111100010101101100
0011000001000010111100101010011100
0011000001000011100110001100110011
0011000001000011100110110011000011
0011000001000100001111011110000101
0011000001000100001111100001110101
0011000001000101010101000111011010
0011000001000101010101111000101010
0011000001001000111001001100110011
0011000001001000111001110011000011
0011000001001001100011010101101100
0011000001001001100011101010011100
0011000001001110001010000111011010
0011000001001110001010111000101010
0011000001001111010000011110000101
0011000001001111010000100001110101
0011000001010010010011010010110110
0011000001010010010011101101000110
0011000001010011001001001011101001
0011000001010011001001110100011001
0011000001010100100000011001011111
0011000001010100100000100110101111
0011000001010101111010000010011001
0011000001010101111010000101001001
0011000001010101111010000111010000
0011000001010101111010011000000110
0011000001010101111010100000101001
0011000001010101111010100010110000
0011000001010101111010100101100000
0011000001010111111011001000000100
0011000001010111111011010000000010
0011000001011000010110001011101001
0011000001011000010110110100011001
0011000001011001001100010010110110
0011000001011001001100101101000110
0011000001011101111110000000000110
0011000001011110100101000111100000
0011000001011110100101001011010000
0011000001011110100101001100110000
0011000001011110100101100001110000
0011000001011110100101100110010000
0011000001011110100101101010100000
0011000001011110100101101101000000
0011000001011110101111000000001010
0011000001011111110101000000001010
0011000001100000000100111111111000
0011000001101011111111000000100000
0011000001110101111110011000000000
0011000001111110100101010000000101
0011000010000000001110111111110000
0011000010000000010100111111110010
0011000010001010000000111111110100
0011000010001011011111001001100000
0011000010001011011111010000110000
0011000010001111111111100000000000
0011000010100000010111010101100011
0011000010100000010111101010010011
0011000010100001001101001100111100
0011000010100001001101110011001100
0011000010100110100100011110001010
0011000010100110100100100001111010
0011000010100111111110000000000101
0011000010101010010010001100111100
0011000010101010010010110011001100
0011000010101011001000010101100011
0011000010101011001000101010010011
0011000010101100100001000111010101
0011000010101100100001111000100101
0011000010101101111011000000001010
0011000010110000111000010010111001
0011000010110000111000101101001001
0011000010110001100010001011100110
0011000010110001100010110100010110
0011000010110110001011011001010000
0011000010110110001011100110100000
0011000010110111010001000000001111
0011000010111010111101000000000110
0011000010111011100111000000001001
0011000010111100001110000000001111
0011000010111101010100011001010000
0011000010111101010100100110100000
0011000011000001000000111111111000
0011000011000100000000111111111000
0011000011011011011111100000000000
0011000011011101111010011000000000
0011000011011110100101010000000101
0011000011100010101011000000001111
0011000011100011110001011001010000
0011000011100011110001100110100000
0011000011100100011000001011100110
0011000011100100011000110100010110
0011000011100101000010010010111001
0011000011100101000010101101001001
0011000011101000101110011001010000
0011000011101000101110100110100000
0011000011101001110100000000001111
0011000011101110011101000000001001
0011000011101111000111000000000110
0011000011110010000100000111010101
0011000011110010000100111000100101
0011000011110011011110000000001010
0011000011110100110111000000001100
0011000011110101101101000000000011
0011000011111000000001011110001010
0011000011111000000001100001111010
0011000011111001011011000000000101
0011000011111110110010000000000011
0011000011111111101000000000001100
0011111100000000000000000011111111
0011111100000000000000001101101111
0011111100000000000000001110111011
0011111100000000000000001111011101
0011111100000000000000001111110110
0011111100000000000000110011001111
0011111100000000000000110011110110
0011111100000000000000110101110101
0011111100000000000000110110111010
0011111100000000000000111001111100
0011111100000000000000111010110011
0011111100000000000000111100011011
0011111100000000000000111110101001
0011111100000000000000111111000110
0011111100000000000001010001111011
0011111100000000000001010110100111
0011111100000000000001010111011100
0011111100000000000001011010101110
0011111100000000000001011011010101
0011111100000000000001011100011101
0011111100000000000001011101110010
0011111100000000000001011111001001
0011111100000000000001100010111101
0011111100000000000001100101101110
0011111100000000000001100111010011
0011111100000000000001101001100111
0011111100000000000001101011011010
0011111100000000000001101100001111
0011111100000000000001101101101001
0011111100000000000001101110110100
0011111100000000000001110011101001
0011111100000000000001110100010111
0011111100000000000001111000011110
0011111100000000000001111111100000
0011111100000111111110000000000000
0011111100011011011110000000000000
0011111100011101110110000000000000
0011111100011110111010000000000000
0011111100011111101100000000000000
0011111101100110011110000000000000
0011111101101011101010000000000000
0011111101101101110100000000000000
0011111101110011111000000000000000
0011111101110101100110000000000000
0011111101111000110110000000000000
0011111101111101010010000000000000
0011111101111110001100000000000000
0011111110100011110110000000000000
0011111110101101001110000000000000
0011111110101110111000000000000000
0011111110110101011100000000000000
0011111110110110101010000000000000
0011111110111000111010000000000000
0011111110111011100100000000000000
0011111110111110010010000000000000
0011111111000101111010000000000000
0011111111001011011100000000000000
0011111111001110100110000000000000
0011111111010011001110000000000000
0011111111010110110100000000000000
0011111111011000011110000000000000
0011111111011011010010000000000000
0011111111011101101000000000000000
0011111111100101101100000000000000
0011111111100111010010000000000000
0011111111101000101110000000000000
0011111111110000111100000000000000
0011111111111111000000000000000000
1100000000000001100111111011101000
1100000000000010011010111010011101
1100000000000011111101000001110101
1100000000000011111101000001110110
1100000000000111101000111101010100
1100000000001000110001011101011110
1100000000001001010110100110110110
1100000000001010101011100111000011
1100000000001011001100011100101011
1100000000010000110101101111101000
1100000000100001111110000111011000
1100000000100010110110101101001100
1100000000100100111001101011110000
1100000000100101011110010000011011
1100000000100110100011010001101110
1100000000100111000100101011000111
1100000000100111000101101010000111
1100000000100111001100101010001110
1100000000101001111010110001100100
1100000000101011010001110011011000
1100000000101100001000110110101101
1100000000101101101011001101000100
1100000000101110010010001100110011
1100000000101110010010001110110100
1100000000101110010111001100110000
1100000000110001100001101111110000
1100000000111000100110101010010101
1100000000111001011101100100010100
1100000001001100101011110000010110
1100000001010000100111000101110011
1100000001010001000000111110011011
1100000001010011011010000100101110
1100000001010011011010001101000110
1100000001010011011011000110000110
1100000001010111001111110000000100
1100000001011000010110011000101101
1100000001011001110001100011000101
1100000001011010001100100010110011
1100000001011010001111100010110000
1100000001011010011100100010111000
1100000001011011001100101010110000
1100000001011011101011010000011000
1100000001011101100100010101100100
1100000001011111010010110010001000
1100000001100110111010110100000100
1100000001101110001010101001011000
1100000001110011110110010000010100
1100000001110100011110101110000000
1100000001110100110001010101101000
1100000001110110000100010100011101
1100000001110110000100010100011110
1100000001111101001000001000110110
1100000001111110110101001001000000
1100000010000111011100110100110000
1100000010001011111000010110001100
1100000010001101110111010001010000
1100000010010100000110110010110110
1100000010010101100001001001011110
1100000010010110011100001000101011
1100000010010111111001110001000000
1100000010011101010000110101000011
1100000010011101010001010100010101
1100000010011101010001111100100000
1100000010011101010101010110000010
1100000010011101110000011110000001
1100000010011110001010100100011100
1100000010011110001100010001110100
1100000010100101010010111100010100
1100000010101001010100010111101000
1100000010101100011011110000011000
1100000010110000111110011001000100
1100000010110001011000100010101101
1100000010110010100101100011011000
1100000010110011000010011000110011
1100000010110011000010111000111000
1100000010110011000011011010110000
1100000010110100101010100101100100
1100000010110110110000000111110000
1100000010111000001110000100011011
1100000010111010010001000101001110
1100000010111010010100011110000100
1100000010111101010001010100000011
1100000011000010101110010001111000
1100000011000100100001110111000101
1100000011000101000110001100101101
1100000011000101101000001011101100
1100000011000110111011000100011000
1100000011000111000100101010001110
1100000011001010011110100100000101
1100000011001100010000101010011011
1100000011001110001010010011000110
1100000011001110001010011000000111
1100000011001110001011010000100110
1100000011010100011010010110011000
1100000011011001011101001100001000
1100000011100000011000011100110110
1100000011100010000010100110101011
1100000011100011100101011101000000
1100000011101000100001001001110101
1100000011101000101001000001101011
1100000011101000101001100101101000
1100000011101001001110111010000000
1100000011101011010100000000011101
1100000011101100101100011001001000
1100000011110011011010000100000101
1100000011111000101001000011101000
1100000100001101001011110100011000
1100000100010011000110110110010100
1100000100010100101010011100111000
1100000100010101001101100111010000
1100000100010110010100100110100101
1100000100010110110000100110100110
1100000100010111010111000100001100
1100000100011011110010001100110000
1100000100011100011011000001100101
1100000100011101111000100000001110
1100000100011110000001111001101000
1100000100011111100110000000010011
1100000100100100010101000101111100
1100000100100110111010000010011100
1100000100110000010011110111001000
1100000100110001110100001100100011
1100000100110010001001001101010101
1100000100111000100010101010010110
1100000100111001000100010001111100
1100000100111010111000010000001011
1100000100111010111100011000001000
1100000100111011011010000011100000
1100000100111111001000010111000000
1100000101000100001101011001001011
1100000101000100011101011001101000
1100000101000101101010100010100011
1100000101000101101010100110101000
1100000101000110010111100011000100
1100000101000111110000011000011100
1100000101001000000101101111100100
1100000101001000101001111000110100
1100000101001010001101010101101000
1100000101001100111100000100010101
1100000101001110100110110100001000
1100000101001111000001000101100011
1100000101001111100011000101100000
1100000101010000110111000101110000
1100000101100000110100110010111000
1100000101100001010011001001010011
1100000101100010101110001000100101
1100000101100010101110001000100110
1100000101100011001001110001001100
1100000101100101000010110101110000
1100000101100101001111000001011000
1100000101101001100010010100001101
1100000101101001100110010100001010
1100000101101011011000100110010000
1100000110000000101100101110001110
1100000110000001001011010101100101
1100000110000010110110010100010011
1100000110000011010001001011111000
1100000110001000011101110011010000
1100000110001001111010001000111000
1100000110001010000111001001001101
1100000110001010000111001001001110
1100000110001011100000110010100101
1100000110001011100000110010100110
1100000110001110010010110100101000
1100000110011101010000010111010000
1100000110100110001011001011100000
1100000110100111101000000100001011
1100000110100111101100001100001000
1100000110101010110110010100010000
1100000110101100100100011000100011
1100000110101101000011100011001000
1100000110101101100100000100111000
1100000110101111011001010000000100
1100000110110011000110011000110000
1100000111000001001010010101100110
1100000111010000001001101001011100
1100000111010001101100010000010101
1100000111010010010001010001100011
1100000111010011110100100010001000
1100000111010101010001101000100100
1100000111011000111000010110100000
1100000111011010100000001100111000
1100000111011101001000010001101000
1100000111110010001000111010010000
1100000111110100110010000000001101
1100000111110100110010000000001110
1100000111111000000110100001110000
1100000111111011001011000000000100
1100000111111100000010011101000000
1100001000000010001111000010111110
1100001000000100010101111100100011
1100001000000101110010000111001011
1100001000001100100100100001111101
1100001000001100100100100001111110
1100001000001101000011011010010101
1100001000001110111110001001100000
1100001000001111011001100000101001
1100001000001111011001100010001100
1100001000001111011001101000001010
1100001000001111111001000101001000
1100001000100000101100010111010011
1100001000100000101111010111010000
1100001000100001001011101100111000
1100001000100011010001010110100101
1100001000100111000100101010000111
1100001000100111000101101010000110
1100001000101000001100011011001101
1100001000101000011101001010001110
1100001000101010000111110000010011
1100001000101011100000001011111000
1100001000101110010010001100111000
1100001000111111100110110000000000
1100001001000111011100000101101000
1100001001001111011001100000001001
1100001001010011011010000100000111
1100001001010100110010111001010000
1100001001010101010101000010111000
1100001001010110101000000011001101
1100001001011100000011100100001110
1100001001011110011000011100010000
1100001001100010000001101000111110
1100001001100110010111010010001000
1100001001110000001011010010100011
1100001001110001101100101001001000
1100001001111000001010000101110100
1100001001111010100000110101100000
1100001001111011000110000110001000
1100001010010000010011001110010101
1100001010010001110100110101001000
1100001010010010001001110100001011
1100001010010010001001110101011000
1100001010010010001001111100101000
1100001010010010101001110110001000
1100001010010011101110001100100000
1100001010011000100010010011001011
1100001010011001000101101000100011
1100001010011010111000100000010110
1100001010011101010000011101001000
1100001010011101010010010100010010
1100001010101000101010010110011000
1100001010110011000010011001110000
1100001010110011010011100100010000
1100001010110100001101010110001000
1100001010111101010000010100100010
1100001010111101111100000000010000
1100001010111110000001000010100101
1100001011000000110100001011100101
1100001011000000110100001011100110
1100001011000001010011110000001110
1100001011000011001001001010010011
1100001011001000000101010110111000
1100001011001001100010101101010000
1100001011001101011010000110100000
1100001011001110001010010000001110
1100001011001110100110000010010100
1100001011011101010000110100000100
1100001011100100001101100000010101
1100001011100100001101100000010110
1100001011100111110000100001100000
1100001011101110001010010000000101
1100001100000001111011011110000000
1100001100010000111111100000011000
1100001100010001011000011011110000
1100001100010010100101011010000110
1100001100010011000010100001101101
1100001100011000001110111100000100
1100001100011001101001000100101100
1100001100011010010100000111011000
1100001100100010101101100000101010
1100001100101100100101010010110000
1100001100101101010000101000001101
1100001100110100000110001011101000
1100001100110101100001110000000011
1100001100110101100101111000000000
1100001100110110011000010001100100
1100001101000000011000100101101011
1100001101000010000010010111110100
1100001101000011100101100100001100
1100001101001001001100000011011100
1100001101001010110011000010101000
1100001101001011010100111001000000
1100001101010101101010100010100000
1100001101100100100001001110011000
1100001101101100010000010011000110
1100001110000000111001010010101100
1100001110000101011110100001000100
1100001110000110100011101000110000
1100001110000111000100010011011000
1100001110001100001000001111110000
1100001110001111010000001010000110
1100001110010010001001110100001100
1100001110011101010100010100000001
1100001110100000000000111001011101
1100001110100001100111000010100100
1100001110100010011010000011000011
1100001110100010011010001011010000
1100001110100010011010100111000000
1100001110101000110001100100000011
1100001110101000110101101100000000
1100001110101011001000000101010100
1100001110110010011010010001001000
1100001111010000100011010100101000
1100001111010110000100101101000000
1100001111011000101111001000000000
1100001111011000110001010000011000
1100001111110001000000000111000110
1100001111110010011001000010100000
1111110000000000000000000011111111
1111110000000000000000111100001111
1111110000000000000000111111110000
1111110000000000000011001100110011
1111110000000000000011001111001100
1111110000000000000011110000111100
1111110000000000000011110011000011
1111110000000000000101010101010101
1111110000000000000101010110101010
1111110000000000000101101001011010
1111110000000000000101101010100101
1111110000000000000110011001100110
1111110000000000000110011010011001
1111110000000000000110100101101001
1111110000000000000110100110010110
1111110000000000001001011001101001
1111110000000000001001011010010110
1111110000000000001001100101100110
1111110000000000001001100110011001
1111110000000000001010010101011010
1111110000000000001010010110100101
1111110000000000001010101001010101
1111110000000000001010101010101010
1111110000000000001100001100111100
1111110000000000001100001111000011
1111110000000000001100110000110011
1111110000000000001100110011001100
1111110000000000001111000000001111
1111110000000000001111000011110000
1111110000000000001111111100000000
1111110001110111110000000000000000
1111110010111011110000000000000000
1111110011001111110000000000000000
1111110011111101100000000000000000
1111110011111110010000000000000000
1111110100111111010000000000000000
1111110101011101110000000000000000
1111110101101011110000000000000000
1111110101111110100000000000000000
1111110110011110110000000000000000
1111110110101101110000000000000000
1111110110110111100000000000000000
1111110111001111010000000000000000
1111110111001111100000000000000000
1111110111010011110000000000000000
1111110111100110110000000000000000
1111110111110101010000000000000000
1111110111111000110000000000000000
1111110111111011000000000000000000
1111111000011111110000000000000000
1111111001101111100000000000000000
1111111001111011010000000000000000
1111111001111100110000000000000000
1111111010100111110000000000000000
1111111010111101010000000000000000
1111111010111110100000000000000000
1111111011010101110000000000000000
1111111011011011100000000000000000
1111111011011110010000000000000000
1111111011101001110000000000000000
1111111011101110010000000000000000
1111111011110010110000000000000000
1111111011110111000000000000000000
1111111100101110110000000000000000
1111111100110111100000000000000000
1111111100111001110000000000000000
1111111101000111110000000000000000
1111111101011010110000000000000000
1111111101011111000000000000000000
1111111101101101010000000000000000
1111111101110001110000000000000000
1111111101110110010000000000000000
1111111101111001100000000000000000
1111111110001011110000000000000000
1111111110010111010000000000000000
1111111110011101100000000000000000
1111111110101111000000000000000000
1111111110110011100000000000000000
1111111110110100110000000000000000
1111111110111010010000000000000000
1111111111001100110000000000000000
1111111111010110100000000000000000
1111111111011001010000000000000000
1111111111100011010000000000000000
1111111111100101100000000000000000
1111111111101010100000000000000000
1111111111111100000000000000000000
