# design: C(74,61,8)=30 - schema: 15 base index on 75, 8 mismatches, 30 blocks
00000000000000000000000000000000000000000000000000000000000111111111111111
00000000000000000000000000000000000000000000000000000011111000001111111111
00000000000000000000000000000000000000000000000000000011111111110000011111
00000000000000000000000000000000000000000000000000000011111111111111100000
00000000000000000000000000000000000000000000000001111100000000001111111111
00000000000000000000000000000000000000000000000001111100000111110000011111
00000000000000000000000000000000000000000000000001111100000111111111100000
00000000000000000000000000000000000000000000000001111111111000000000011111
00000000000000000000000000000000000000000000000001111111111000001111100000
00000000000000000000000000000000000000000000000001111111111111110000000000
00000000000000000000000011111000000000011111111110000000000000000000000000
00000000000000111110000000000000001111100000111110000000000000000000000000
00000000000000000001111100000111110000000000111110000000000000000000000000
00000000011111000001111100000000000000000000111110000000000000000000000000
11111111100000000000000000000000000000000000111110000000000000000000000001
00000000000000000001111100000000001111111111000000000000000000000000000000
00000000011111000000000000000111110000011111000000000000000000000000000000
11110000000000000000000000000111110000011111000000000000000000000000000001
00001111100000111110000000000000000000011111000000000000000000000000000000
11110000011111000000000000000000000000011111000000000000000000000000000001
00001111100000000000000000000111111111100000000000000000000000000000000000
11110000000000000000000011111000001111100000000000000000000000000000000001
00001111111111000000000000000000001111100000000000000000000000000000000000
00000000000000111110000011111111110000000000000000000000000000000000000000
00000000011111000000000011111111110000000000000000000000000000000000000000
00000000011111111110000000000111110000000000000000000000000000000000000000
11110000011111000000000000000111110000000000000000000000000000000000000001
00001111100000000001111111111000000000000000000000000000000000000000000000
00000000011111111110000011111000000000000000000000000000000000000000000000
11110000000000111111111100000000000000000000000000000000000000000000000001
