# 14 base index on 28, 4 mismatches 
111010100000100101100011011
101110010110101100000101101
110100111001010100101010101
010110100000011010011101101
001110001101100010110010101
100000011011001110110111000
100010001101011101001100011
011000101101111000101111000
011010111011100001010100011
001001101110011101010001100
110001001110111000110000111
010001010100010110000111111
000101100011111111100001001
000010010110010011111011011
001001111000001110101000111
110100101101000111010001110
010011000011100101111100100
101101010101001000111001001
101100000000110011111110110
011111011000010100110101010
101001100011000000011111111
110011011000101011001011100
111111000011011010000010010
000111110101101100011010010
111000110110110110011000000
011101001110000111001110001
010100110110001001100110110
100110101010100010101101010
100101111000110001010110001
001100011011110001001001110
101011110101010011100100100
