# Merging schema 30,2 with 31,2
# Schema 60 5
00000000000000011111111111111000000000000000000000000000000
01111111111111100000000000000000000000000000000000000000000
10000000011111100000001111111000000000000000000000000000000
10000000011111111111110000000000000000000000000000000000000
11111111100000000000000011111000000000000000000000000000000
00001111100000011111111100000000000000000000000000000000000
00000000000000000000000000000000000000000000011111111111111
00000000000000000000000000000001111111111111100000000000000
00000000000000000000000000000110000000011111100000000111111
00000000000000000000000000000110000000000111111111111000000
00000000000000000000000000000111111111100000000000000001111
00000000000000000000000000000000000001111000011111111110000
