#from 28_2 and 29_2
0000000000000111111111111110000000000000000000000000000
1111111111111000000000000010000000000000000000000000000
0000000111111000000111111100000000000000000000000000000
1111111000000111111000000000000000000000000000000000000
0000000111111111111000000010000000000000000000000000000
1111111000000000000111111100000000000000000000000000000
0000000000000000000000000000000000000000011111111111111
0000000000000000000000000001111111111111100000000000000
0000000000000000000000000000000000011111100000001111111
0000000000000000000000000000000000011111111111110000000
0000000000000000000000000001111111100000000000000011111
0000000000000000000000000000001111100000011111111100000
