110001011110111111100000000000000000
110001101011110111100000000000000000
111110110001110111100000000000000000
010011111101011011100000000000000000
111111000110101011100000000000000000
011101100111011101100000000000000000
110010111111001101100000000000000000
001111111011101110100000000000000000
101111111110000110100000000000000000
101100101111111010100000000000000000
101111011100111100100000000000000000
111111011010011111000000000000000000
111101101101101111000000000000000000
011110011110110111000000000000000000
111111111011110001000000000000000000
100011110111111110000000000000000000
000000000000000000011111111111110000
000000000000000000011111111110000111
000000000000000000011111110000111111
000000000000000000011110000111111111
000000000000000000010000111111111111
000000000000000000000011111111111111
