# 7 base index on 12, 4 mismatches 
00000111111
00011001111
01100001111
01111110001
10001010111
00110010111
10111101001
01001100111
11101011001
10100100111
11010111001
11010000111
01001011011
10010011011
11011100101
11110010101
00110101011
11000101011
10101001011
10101110101
00101110011
01010110011
01111001101
11100101101
11100010011
10011100011
10011011101
01111000011
00110111101
01001111101
11110100011
01010011101
10100011101
00101101101
10010101101
10111010011
11001001101
11001110011
00011110101
11011001011
11000110101
01101010101
01101101011
01110011011
01110100101
10111000101
10100111011
00011111011
10001111001
11101000111
01100111001
00111011001
00111100111
01011101001
01011010111
01100110111
10010110111
11110001001
10110001111
10110110001
11011010001
01010101111
10001101111
11000011111
11101100001
00101011111
00100111110
10001011110
01010011110
01001101110
11111100010
11011011010
10110001110
10110111010
10010110110
01101111010
11110010110
01101010110
10101110110
00111100110
01011110110
11100100110
11011000110
11101001110
00011111010
01110101110
10011101110
00111011110
11100011010
10101101010
11010101010
11000111110
01111001010
10111010010
01110110010
11001110010
10111111000
11000111100
01101011100
10110011100
11101110100
01011101100
10101101100
11111001100
01110111100
10011111100
00111110100
01111110000
11110101000
11011010100
11011011000
10101111000
11110100100
