# Merging schema 26,2 with 40,3
# Schema 65 6
0000001101111001110110111000000000000000000000000000000000000000
1110110001000101010111110000000000000000000000000000000000000000
1111101100111100100001001000000000000000000000000000000000000000
0100011110011110011011010000000000000000000000000000000000000000
1011110010100010111010011000000000000000000000000000000000000000
0101000011100111101101101000000000000000000000000000000000000000
1010101111011011001100100000000000000000000000000000000000000000
0000000000000000000000000000000000000000000000000111111111111110
0000000000000000000000000000000000000000000001111111111111100000
0000000000000000000000000000000000000000000011111000001111111110
0000000000000000000000000000000000000000000011111111110000011110
0000000000000000000000000000001111111111111100000000000000000000
0000000000000000000000000011111111111111000000000000000000000000
0000000000000000000000000111110000011111111100000000000000000000
0000000000000000000000000111111111100000111100000000000000000000
