# 10 base index on 16, 3 mismatches 
000110011111111
011001110111011
011111101101010
011111110010101
101011011111100
101100111110011
101111100001111
110010111001111
110101000111111
110110101111001
110110110110110
110111011011001
111011001100111
111101111001100
001010100111111
001101011001111
001110111011001
001111010110110
010011011110011
010011101011110
010100111111100
010111010101110
011010111100101
011101001110101
100001110111101
100111101100101
100111110011010
101010111101010
101011010010111
101101001111010
110100101101011
110101111000011
111000010011111
111001101011001
111001110100110
111110001010110
111110010101001
111111100110000
