11111111111111000000000000000000000000000000000000000000000
11111110000000011111100000000000000000000000000000000000000
11111110000000000000001111111000000000000000000000000000000
00000000111111111111100000000000000000000000000000000000000
00000000111111000000001111111000000000000000000000000000000
00000000000000011111111111111000000000000000000000000000000
00000000000000000000000000000011111111111111000000000000000
00000000000000000000000000000011111110000000011111100000000
00000000000000000000000000000011111110000000000000001111111
00000000000000000000000000000000000000111111111111100000000
00000000000000000000000000000000000000111111000000001111111
00000000000000000000000000000000000000000000011111111111111
