#merge 50_5 and 50_5 to get 100_10
000000000000000000000000000000000000000000000000000000011011110011101101110000000000000000000000000
000000000000000000000000000000000000000000000000001101100010001010101111100000000000000000000000000
000000000000000000000000000000000000000000000000001111011001111001000010010000000000000000000000000
000000000000000000000000000000000000000000000000001000111100111100110110100000000000000000000000000
000000000000000000000000000000000000000000000000000111100101000101110100110000000000000000000000000
000000000000000000000000000000000000000000000000001010000111001111011011010000000000000000000000000
000000000000000000000000000000000000000000000000000101011110110110011001000000000000000000000000000
000000000000000000000000000000000000000000000000000000000000000000000000000000011111110000001111111
000000000000000000000000000000000000000000000000000000000000000000000000001111100000110111110000011
000000000000000000000000000000000000000000000000000000000000000000000000000011100111001001110011100
000000000000000000000000000000000000000000000000000000000000000000000000001100111001001110011100100
000000000000000000000000000000000000000000000000000000000000000000000000000011011000111001101100011
000000000000000000000000000000000000000000000000000000000000000000000000001100000110111110000011011
000000000000000000000000000000000000000000000000000000000000000000000000000111011110000011101111000
000001101111001110110111000000000000000000000000000000000000000000000000000000000000000000000000000
110110001000101010111110000000000000000000000000000000000000000000000000000000000000000000000000000
111101100111100100001001000000000000000000000000000000000000000000000000000000000000000000000000000
100011110011110011011010000000000000000000000000000000000000000000000000000000000000000000000000000
011110010100010111010011000000000000000000000000000000000000000000000000000000000000000000000000000
101000011100111101101101000000000000000000000000000000000000000000000000000000000000000000000000000
010101111011011001100100000000000000000000000000000000000000000000000000000000000000000000000000000
000000000000000000000000000001111111000000111111100000000000000000000000000000000000000000000000000
000000000000000000000000111110000011011111000001100000000000000000000000000000000000000000000000000
000000000000000000000000001110011100100111001110000000000000000000000000000000000000000000000000000
000000000000000000000000110011100100111001110010000000000000000000000000000000000000000000000000000
000000000000000000000000001101100011100110110001100000000000000000000000000000000000000000000000000
000000000000000000000000110000011011111000001101100000000000000000000000000000000000000000000000000
000000000000000000000000011101111000001110111100000000000000000000000000000000000000000000000000000
