# designs/ccrwest/design_39_25_8
# design: C(39,25,8)=286 - schema: 14 base index on 40, 8 mismatches, 286 blocks
000000000000000101010111011010011110001
000000000000001011001110100101001011110
000000000000001110011001111101010101000
000000000000010001011000011110111110001
000000000000010001011011110101101100010
000000000000010001011011110111100100001
000000000000010010101101010011111010001
000000000000010100001100101111111000110
000000000000010100001100101111111010001
000000000000011010010101010000101111110
000000000000011010010110111001110101000
000000000000011101110010101100101101000
000000000000011101110101000101110101000
000000000000011111000010001010110011110
000000000000100000111101001010110011110
000000000000100100101001111011110101000
000000000000100101101010010000101111110
000000000000100110011101011101101001000
000000000000100111011110110100110001000
000000000000101010111101001110010101000
000000000000101011110011101101110000000
000000000000101110100100110101100100011
000000000000101110100100110101100110100
000000000000110001100110111101010101000
000000000000110100110001100101001011110
000000000000111010101000011010011100101
000000000000111010101010011010011110000
000000000000111111111111000000000000011
000000000000111111111111000010000010000
000000000001000010110100100110011110011
000000000001000101010111011010011100010
000000000001000111100011111100000010011
000000000001001001111010000011010101101
000000000001001100101101011001001001101
000000000001010001011011110101100110000
000000000001010100001110101111111000000
000000000001010110111000001001100110011
000000000001011000100001110110110001101
000000000001011101000011100100010110011
000000000001100010001001101100101101101
000000000001101001000111001001100110011
000000000001101100010000010011111010011
000000000001101110100100110101101100000
000000000001110011010010011001001001101
000000000001110110000101000011010101101
000000000001111000011100111100000010011
000000000001111010101000011010011100010
000000000001111111111111000000000000100
000000000010000001000011101011011010111
000000000010000010100111101010001011101
000000000010000101010100110011000110111
000000000010000101010100111001000111101
000000000010000101010111011010011100100
000000000010001000000011111011010110101
000000000010001011001101001110010001011
000000000010001110000101010100110110101
000000000010001110011010010100001101011
000000000010010000001011001011101011101
000000000010010001011011110101100100100
000000000010010100001111000100101011101
000000000010010100001111001110100010101
000000000010010101001100101111111000000
000000000010010110101011000010111100100
000000000010011111000001100001101001011
000000000010011111110000100001010010101
000000000010100000010011101011011010101
000000000010100000111110100001101001011
000000000010100101010100110001010110101
000000000010101011110000000100101011101
000000000010101011110000001110100010101
000000000010101011110010000100110010101
000000000010101110100100110111100100000
000000000010110001100101010100001101011
000000000010110100001111000100110010101
000000000010110100110010001110010001011
000000000010111010101001100001000110101
000000000010111011101000011010011100000
000000000010111111111111000000001000000
000000000011000000000011101111011010101
000000000011000010110111001101000100110
000000000011000101010100110001001110101
000000000011000111100000010111011000110
000000000011001001111001101000001111000
000000000011001100101110110010010011000
000000000011010011101100111000100000110
000000000011010100001111000100100010111
000000000011011000011101010111010000100
000000000011011000100010011101101011000
000000000011100010001010000111110111000
000000000011101001000100100010111100110
000000000011101011110000000100100010111
000000000011101100010011111000100000110
000000000011110011010001110010010011000
000000000011110110000110101000001111000
000000000011111101001000001101000100110
000000000100000011100111100000110101011
000000000100000011100111100010111101000
000000000100000101011111011010011100000
000000000100000110110000111010101011001
000000000100000110110010111010101001100
000000000100001000101001000101111110110
000000000100001101111110011101100000000
000000000100001111001000110001110100101
000000000100010010111100010101010001011
000000000100010010111100010101011011000
000000000100010101011111100001010010001
000000000100010111101011001101000101000
000000000100011001110010110000011010110
000000000100011010000101111101011100000
000000000100011100100101101010000110110
000000000100011100110101011010001101000
000000000100011110101001101100110001000
000000000100100011011010101010000110110
000000000100100110001101110000011010110
000000000100101000010100001111001101110
000000000100101000010100001111001111001
000000000100101011111011011000010100000
000000000100101101000011010101011001010
000000000100101101000011010111010001001
000000000100110000110101111001111000000
000000000100110010000001011111100010110
000000000100110110010101101110100100000
000000000100110110101001010101110100000
000000000100110111010110000101110100000
000000000100111001001111111000100001000
000000000100111010110000110101100101000
000000000100111100011000100000110101011
000000000100111100011000100000110111100
000000000100111100011000100010111101000
000000000101000001010011000110101011011
000000000101000011100111100000110111000
000000000101000100000100011100110111011
000000000101000110110000111010101001010
000000000101001010011101100011100000101
000000000101010000001000110011001111011
000000000101010010111100010101010001100
000000000101011011000110010110000100101
000000000101011110010001001100011000101
000000000101100001101110001100011000101
000000000101100100111001010110000100101
000000000101101000010110001111001101000
000000000101101010100000101001010011011
000000000101101101000011010101010011000
000000000101101110100100000010001011011
000000000101110101100010100011100000101
000000000110000011100100000011101110101
000000000110000011100111100000110101100
000000000110000100000011101011011010101
000000000110000100000101100111100101110
000000000110000100111010110101010110000
000000000110000110110011010001100010101
000000000110000111110000111010101001000
000000000110001000101010101110100100011
000000000110001001101101110100110000001
000000000110010010111100010111010001000
000000000110010111101000100100000110101
000000000110011001110001011011000000011
000000000110011100100110000001011100011
000000000110100011011001000001011100011
000000000110100110001110011011000000011
000000000110101000010111100100000110101
000000000110101001010100001111001101000
000000000110101101000000111100001011100
000000000110101101000011010101010001100
000000000110101111110100001000010100100
000000000110110010000010110100111000011
000000000110111001001100010001100010101
000000000111000001010000101101110001110
000000000111001010011110001000111010000
000000000111001111001001010010100110000
000000000111010000001011011000010101110
000000000111010101011100000010001001110
000000000111011110010010100111000010000
000000000111100001101101100111000010000
000000000111101010100011000010001001110
000000000111110000110110010010100110000
000000000111110101100001001000111010000
000000000111111100011000100000110101000
000111111000000000000000000100110101111
000111111000000000000000001001101011110
000111111000000000000000001101011110001
000111111000000000000000010011010111100
000111111000000000000000010111100010011
000111111000000000000000011010111100010
000111111000000000000000011110001001101
000111111000000000000000100010011010111
000111111000000000000000100110101111000
000111111000000000000000101011110001001
000111111000000000000000101111000100110
000111111000000000000000110001001101011
000111111000000000000000110101111000100
000111111000000000000000111000100110101
000111111000000000000000111100010011010
000111111000100110101111000000000000000
000111111001001101011110000000000000000
000111111001101011110001000000000000000
000111111010011010111100000000000000000
000111111010111100010011000000000000000
000111111011010111100010000000000000000
000111111011110001001101000000000000000
000111111100010011010111000000000000000
000111111100110101111000000000000000000
000111111101011110001001000000000000000
000111111101111000100110000000000000000
000111111110001001101011000000000000000
000111111110101111000100000000000000000
000111111111000100110101000000000000000
000111111111100010011010000000000000000
111000111000000000000000000100110101111
111000111000000000000000001001101011110
111000111000000000000000001101011110001
111000111000000000000000010011010111100
111000111000000000000000010111100010011
111000111000000000000000011010111100010
111000111000000000000000011110001001101
111000111000000000000000100010011010111
111000111000000000000000100110101111000
111000111000000000000000101011110001001
111000111000000000000000101111000100110
111000111000000000000000110001001101011
111000111000000000000000110101111000100
111000111000000000000000111000100110101
111000111000000000000000111100010011010
111000111000100110101111000000000000000
111000111001001101011110000000000000000
111000111001101011110001000000000000000
111000111010011010111100000000000000000
111000111010111100010011000000000000000
111000111011010111100010000000000000000
111000111011110001001101000000000000000
111000111100010011010111000000000000000
111000111100110101111000000000000000000
111000111101011110001001000000000000000
111000111101111000100110000000000000000
111000111110001001101011000000000000000
111000111110101111000100000000000000000
111000111111000100110101000000000000000
111000111111100010011010000000000000000
111111000000000000000000000100110101111
111111000000000000000000001001101011110
111111000000000000000000001101011110001
111111000000000000000000010011010111100
111111000000000000000000010111100010011
111111000000000000000000011010111100010
111111000000000000000000011110001001101
111111000000000000000000100010011010111
111111000000000000000000100110101111000
111111000000000000000000101011110001001
111111000000000000000000101111000100110
111111000000000000000000110001001101011
111111000000000000000000110101111000100
111111000000000000000000111000100110101
111111000000000000000000111100010011010
111111000000100110101111000000000000000
111111000001001101011110000000000000000
111111000001101011110001000000000000000
111111000010011010111100000000000000000
111111000010111100010011000000000000000
111111000011010111100010000000000000000
111111000011110001001101000000000000000
111111000100010011010111000000000000000
111111000100110101111000000000000000000
111111000101011110001001000000000000000
111111000101111000100110000000000000000
111111000110001001101011000000000000000
111111000110101111000100000000000000000
111111000111000100110101000000000000000
111111000111100010011010000000000000000
111111111000000000000000000000010010111
111111111000000000000000000000100101110
111111111000000000000000000000101110001
111111111000000000000000000001001001011
111111111000000000000000000001010111000
111111111000000000000000000001111000100
111111111000000000000100101110000000000
111111111000000000001001011100000000000
111111111000000000001011100010000000000
111111111000000000010010010110000000000
111111111000000000010101110000000000000
111111111000000000011110001000000000000
111111111001001011100000000000000000000
111111111010010111000000000000000000000
111111111010111000100000000000000000000
111111111100100101100000000000000000000
111111111101011100000000000000000000000
111111111111100010000000000000000000000
