# designs/ccrwest/design_34_20_6
# design: C(34,20,6)=104 - schema: 14 base index on 35, 6 mismatches, 104 blocks
0000000000111100100011111000101110
0000000001010011101101110011100100
0000000001101111001110001011001010
0000000010000011101011101110010011
0000000010111111001000000110111001
0000000011010000000110011101110111
0000000011101100100101100101011001
0000000100000110100110010111111010
0000000100011100111010010111000101
0000000100100000011001101111101011
0000000101001111010111100100100001
0000000101110011110100011100001001
0000000110011111010001111001010000
0000000110100011110010000001111110
0000000110100011110010000011111100
0000000110101100010100110110010110
0000000111001100111100001010110010
0000000111110000001111110010011000
0000001000010101111100101101011000
0000001000101001011111010101110000
0000001000101010110100111011100001
0000001001000110010001011110111100
0000001001111010110010100110010010
0000001010010110010111000011001011
0000001011000101111010110000101001
0000001011111001011001001000000111
0000001011111001011001001010000101
0000001100001001000110111010011101
0000001100110101100101000010110011
0000001101010000101011001001111001
0000001101100110001000110001010111
0000001110001010101101010100001110
0000001110110110001110101100100000
0000001111011001000000100111101010
0000001111100101100011011110000000
0000010000011010011100100000111111
0000010000100110111111011000010001
0000010001001001110001010011011011
0000010001010101010010101011110001
0000010010011001110111000110101000
0000010010100101010100110111000110
0000010010100101010100111110000110
0000010010100111010100110110000110
0000010011001010011010111101001000
0000010011110110111001000101100000
0000010100111010000101001111010100
0000010101010101001011000100011110
0000010101101001101000111100110000
0000010110000101001101011001101001
0000010110111001101110100001000001
0000010111010110100000101010001101
0000010111101010000011010010100011
0000011000001111100000001101100111
0000011000110011000011110101001001
0000011001011100001101110100000011
0000011001100000101110000110101101
0000011010001100001011100011110100
0000011010110000101000011011011010
0000011011000011011100000111010001
0000011011011111100110010000010000
0000011011100011000101101000111000
0000011100010011011010011010100010
0000011100101110111001100010001000
0000011101000000110111101001000110
0000011101111100010100010001101000
0000011110010000110001110100110001
0000011110101100010010001100011001
1111100000000000000001101010111011
1111100000000000000010100111011101
1111100000000000000010110011111010
1111100000000000000011001101100111
1111100000000000000100010011110111
1111100000000000000101110001111100
1111100000000000000101111001001101
1111100000000000000110110100101011
1111100000000000000111000011011110
1111100000000000000111011110010001
1111100000000000000111110010100110
1111100000000000001000111111001100
1111100000000000001001001101110110
1111100000000000001001010110101101
1111100000000000001010011011001011
1111100000000000001010111100010110
1111100000000000001011110001110001
1111100000000000001100001100111110
1111100000000000001100101111100001
1111100000000000001101000101011011
1111100000000000001101111110010000
1111100000000000001110001000111101
1111100000000000001111001101101000
1111100000000000001111100010000111
1111100101111101110000000000000000
1111101011111011100000000000000000
1111101110010111110000000000000000
1111101111101110010000000000000000
1111110010111110110000000000000000
1111110111001011110000000000000000
1111110111110111000000000000000000
1111111001011111010000000000000000
1111111011100101110000000000000000
1111111100101111100000000000000000
1111111101110010110000000000000000
1111111110111001010000000000000000
1111111111011100100000000000000000
