# designs/ccrwest/design_39_25_6
# design: C(39,25,6)=69 - schema: 14 base index on 40, 6 mismatches, 69 blocks
000000000000000010010110010011111011011
000000000000000101100011111111100001001
000000000000000111110101101100011010010
000000000000011000101101111000101111000
000000000000011010111011100001010100011
000000000000011101001110000111001110001
000000000000011111011000010100110101010
000000000000101001100011000000011111111
000000000000101011110101010011100100100
000000000000101100000000110011111110110
000000000000101110010110101100000101101
000000000000110001001110111000110000111
000000000000110011011000101011001011100
000000000000110100101101000111010001110
000000000000110100111001010100101010101
000000000001001001101110011101010001100
000000000001001001111000001110101000111
000000000001001100011011110001001001110
000000000001001110001101100010110010101
000000000001010001010100010110000111111
000000000001010011000011100101111100100
000000000001010100110110001001100110110
000000000001010110100000011010011101101
000000000001100000011011001110110111000
000000000001100010001101011101001100011
000000000001100101111000110001010110001
000000000001100110101010100010101101010
000000000001101101010101001000111001001
000000000001111000110110110110011000000
000000000001111010100000100101100011011
000000000001111111000011011010000010010
000011111110000000100011000001110000001
000011111110000010010111000000101000000
000011111110000010110000000001011000001
000011111110001001001000110100000100000
000011111110010100000000101110000100000
000011111110011101001000001010000000000
000011111110100101000000110000000001010
000011111110101000001000000100000101010
000011111110110000000000011010000001010
000011111111000000010100000001010010100
000011111111000000100100000000001010101
000011111111000010000011000000100010100
111100000000000000000000001111001111110
111100000000000000000000111111000111100
111100000000000000000010001111000111101
111100000000000000000010110011100010111
111100000000000000000010111100100101011
111100000000000000000100100110111100101
111100000000000000000100101001111011001
111100000000000000000110010101011110010
111100000000000000000110011010011001110
111100000000000000001001000101101001111
111100000000000000001001001010101110011
111100000000000000001011110110001011000
111100000000000000001011111001001100100
111100000000000000001101010000110111001
111100000000000000001101100011010101010
111100000000000000001101101100010010110
111100000000000000001111001111110000000
111101111100000111110000000000000000000
111101111111111000000000000000000000000
111110000111110111100000000000000000000
111110011100111001110000000000000000000
111110011111001110010000000000000000000
111111100100111110010000000000000000000
111111100111001001110000000000000000000
111111111000001111100000000000000000000
111111111011110000010000000000000000000
