#from 26_3 and 50_5
00000000011111111111110010000000000000000000000000000000000000000000000000
00011111100000110011111010000000000000000000000000000000000000000000000000
00011111100000111011101100000000000000000000000000000000000000000000000000
00011111111111001100001000000000000000000000000000000000000000000000000000
01100110001010101010111110000000000000000000000000000000000000000000000000
01100110010101010101011110000000000000000000000000000000000000000000000000
01100110010101111101001100000000000000000000000000000000000000000000000000
01111001101010011001010110000000000000000000000000000000000000000000000000
01111001110101100110100100000000000000000000000000000000000000000000000000
10000001100001011110111110000000000000000000000000000000000000000000000000
10000001111110100001011110000000000000000000000000000000000000000000000000
10000001111110111001001100000000000000000000000000000000000000000000000000
10011110000001101101010110000000000000000000000000000000000000000000000000
10011110011110010010100100000000000000000000000000000000000000000000000000
11100111101011110100000000000000000000000000000000000000000000000000000000
11100111110100001011100000000000000000000000000000000000000000000000000000
11111000001011000111101000000000000000000000000000000000000000000000000000
11111000010100111000011010000000000000000000000000000000000000000000000000
00000000000000000000000000000011011110011101101110000000000000000000000000
00000000000000000000000001101100010001010101111100000000000000000000000000
00000000000000000000000001111011001111001000010010000000000000000000000000
00000000000000000000000001000111100111100110110100000000000000000000000000
00000000000000000000000000111100101000101110100110000000000000000000000000
00000000000000000000000001010000111001111011011010000000000000000000000000
00000000000000000000000000101011110110110011001000000000000000000000000000
00000000000000000000000000000000000000000000000000000011111110000001111111
00000000000000000000000000000000000000000000000001111100000110111110000011
00000000000000000000000000000000000000000000000000011100111001001110011100
00000000000000000000000000000000000000000000000001100111001001110011100100
00000000000000000000000000000000000000000000000000011011000111001101100011
00000000000000000000000000000000000000000000000001100000110111110000011011
00000000000000000000000000000000000000000000000000111011110000011101111000
