# from 16_1 and 17_1
11111111111100000000000000000000
11111111110001100000000000000000
11111111000111100000000000000000
11111100011111100000000000000000
11110001111111100000000000000000
11000111111111100000000000000000
00011111111111100000000000000000
00111111111111100000000000000000
00000000000000001111111111111000
00000000000000001111111111100011
00000000000000001111111110001111
00000000000000001111111000111111
00000000000000001111100011111111
00000000000000001110001111111111
00000000000000001000111111111111
00000000000000000011111111111111
