# 14 base index on 23, 3 mismatches 
0010110100101111111101
0100111110110101110110
0110011110011110101110
0110101010111011011011
1001001001101111111011
1011110101101010011110
1011111101000101100111
1101101101011011000111
1101110001111100111100
1111010111110001010101
1111100011011111101000
1111100011110100110011
0001111110011110010011
0010101100111001101111
0011010010110011111110
0101000110001111110111
0101111000111011100101
0111011100111100011001
0111101100010110111100
0111110010001000111111
0111110110100111001010
1000101111110110011001
1000110111111001101010
1010011011111100001101
1010100111011011110100
1011011001010011110011
1100001111100010101111
1100100001010111011111
1101001111001101011100
1110010101111110100010
1110111011001101010010
1111111011100010100001
