#from 19_1 and 28_2
000000000000011111111111111000000000000000000
111111111111100000000000001000000000000000000
000000011111100000011111110000000000000000000
111111100000011111100000000000000000000000000
000000011111111111100000001000000000000000000
111111100000000000011111110000000000000000000
000000000000000000000000000111111111111100000
000000000000000000000000000111111111000001111
000000000000000000000000000111110000011111111
000000000000000000000000000100000111111111111
000000000000000000000000000000011111111111111
