0000000000000011111111111111000000000000000000000000000000000000000000000000000
1111111111111100000000000000000000000000000000000000000000000000000000000000000
0000000011111100000001111111000000000000000000000000000000000000000000000000000
0000000011111111111110000000000000000000000000000000000000000000000000000000000
1111111100000000000000011111000000000000000000000000000000000000000000000000000
0001111100000011111111100000000000000000000000000000000000000000000000000000000
0000000000000000000000000000000000000000001111111111111100000000000000000000000
0000000000000000000000000000111111111111110000000000000000000000000000000000000
0000000000000000000000000000000000001111110000000111111100000000000000000000000
0000000000000000000000000000000000001111111111111000000000000000000000000000000
0000000000000000000000000000111111110000000000000001111100000000000000000000000
0000000000000000000000000000000111110000001111111110000000000000000000000000000
0000000000000000000000000000000000000000000000000000000000000000011111111111111
0000000000000000000000000000000000000000000000000000000000011111100000011111111
0000000000000000000000000000000000000000000000000000000001111111111111100000000
0000000000000000000000000000000000000000000000000000000010011111111111100000000
0000000000000000000000000000000000000000000000000000000011100011100011100001111
0000000000000000000000000000000000000000000000000000000011111100011100000001111
0000000000000000000000000000000000000000000000000000000011100011111100011110000
0000000000000000000000000000000000000000000000000000000011111100000011111110000
