# 14 base index on 26, 3 mismatches 
0000000001111111111111001
0001111110000011001111101
0001111110000011101110110
0001111111111100110000100
0110011000101010101011111
0110011001010101010101111
0110011001010111110100110
0111100110101001100101011
0111100111010110011010010
1000000110000101111011111
1000000111111010000101111
1000000111111011100100110
1001111000000110110101011
1001111001111001001010010
1110011110101111010000000
1110011111010000101110000
1111100000101100011110100
1111100001010011100001101
