# 9 base index on 15, 3 mismatches 
10000001111111
01100110011111
01111000100111
10011111000111
01000110111011
10101101011011
01011011101011
11110100001011
11101001110011
10110010110011
01011101010011
00111110011101
00110011101101
11011100101101
11011010001101
00101101110101
11101010110101
11000111010101
00001110111110
10110011011110
11000111101110
10101100101110
01101011001110
01110101110110
11011010010110
10110111100010
11010001111100
00011111111000
11110110111000
11111001011000
11101111100000
