#mege of two 25_3s
0000000000000000000000000000010111100110110011110
0000000000000000000000000001001010110011001110111
0000000000000000000000000001011101010101011101001
0000000000000000000000000010111001010011011010110
0000000000000000000000000110101010111010010111000
0000000000000000000000000110111101011100100000110
0000000000000000000000000111100000001001111001111
0000000000000000000000000111110011101011001000001
0000000000000000000000000010101110110101101001000
0000000000000000000000000011100100000110000111111
0000000000000000000000000011110011100000110100101
0000000000000000000000000011110011100000110110001
0000000000000000000000000100000100001111111110010
0000000000000000000000000100000100001111111110100
0000000000000000000000000100010011101001001101110
0000000000000000000000000101001110111100010000011
0000000000000000000000000101011001011010100011001
0000101111001101100111100000000000000000000000000
0010010101100110011101110000000000000000000000000
0010111010101010111010010000000000000000000000000
0101110010100110110101100000000000000000000000000
1101010101110100101110000000000000000000000000000
1101111010111001000001100000000000000000000000000
1111000000010011110011110000000000000000000000000
1111100111010110010000010000000000000000000000000
0101011101101011010010000000000000000000000000000
0111001000001100001111110000000000000000000000000
0111100111000001101001010000000000000000000000000
0111100111000001101100010000000000000000000000000
1000001000011111111100100000000000000000000000000
1000001000011111111101000000000000000000000000000
1000100111010010011011100000000000000000000000000
1010011101111000100000110000000000000000000000000
1010110010110101000110010000000000000000000000000
