# designs/ccrwest/design_39_25_7
# design: C(39,25,7)=137 - schema: 14 base index on 40, 7 mismatches, 137 blocks
000000000000000111100100011111000101110
000000000000001010011101101110011100100
000000000000001101111001110001011001010
000000000000010000011101011101110010011
000000000000010111111001000000110111001
000000000000011010000000110011101110111
000000000000011101100100101100101011001
000000000000100000110100110010111111010
000000000000100011100111010010111000101
000000000000100100000011001101111101011
000000000000101001111010111100100100001
000000000000101110011110100011100001001
000000000000110011111010001111001010000
000000000000110100011110010000001111110
000000000000110100011110010000011111100
000000000000110101100010100110110010110
000000000000111001100111100001010110010
000000000000111110000001111110010011000
000000000001000010101111100101101011000
000000000001000101001011111010101110000
000000000001000101010110100111011100001
000000000001001000110010001011110111100
000000000001001111010110010100110010010
000000000001010010110010111000011001011
000000000001011000101111010110000101001
000000000001011111001011001001000000111
000000000001011111001011001001010000101
000000000001100001001000110111010011101
000000000001100110101100101000010110011
000000000001101010000101011001001111001
000000000001101100110001000110001010111
000000000001110001010101101010100001110
000000000001110110110001110101100100000
000000000001111011001000000100111101010
000000000001111100101100011011110000000
000000000010000011010011100100000111111
000000000010000100110111111011000010001
000000000010001001001110001010011011011
000000000010001010101010010101011110001
000000000010010011001110111000110101000
000000000010010100101010100110111000110
000000000010010100101010100111110000110
000000000010010100111010100110110000110
000000000010011001010011010111101001000
000000000010011110110111001000101100000
000000000010100111010000101001111010100
000000000010101010101001011000100011110
000000000010101101001101000111100110000
000000000010110000101001101011001101001
000000000010110111001101110100001000001
000000000010111010110100000101010001101
000000000010111101010000011010010100011
000000000011000001111100000001101100111
000000000011000110011000011110101001001
000000000011001011100001101110100000011
000000000011001100000101110000110101101
000000000011010001100001011100011110100
000000000011010110000101000011011011010
000000000011011000011011100000111010001
000000000011011011111100110010000010000
000000000011011100011000101101000111000
000000000011100010011011010011010100010
000000000011100101110111001100010001000
000000000011101000000110111101001000110
000000000011101111100010100010001101000
000000000011110010000110001110100110001
000000000011110101100010010001100011001
000011111100000000000000000100110101111
000011111100000000000000001001101011110
000011111100000000000000001101011110001
000011111100000000000000010011010111100
000011111100000000000000010111100010011
000011111100000000000000011010111100010
000011111100000000000000011110001001101
000011111100010011010111100000000000000
000011111100100110101111000000000000000
000011111100110101111000100000000000000
000011111101001101011110000000000000000
000011111101011110001001100000000000000
000011111101101011110001000000000000000
000011111101111000100110100000000000000
000011111110001001101011100000000000000
000011111110011010111100000000000000000
000011111110101111000100100000000000000
000011111110111100010011000000000000000
000011111111000100110101100000000000000
000011111111010111100010000000000000000
000011111111100010011010100000000000000
000011111111110001001101000000000000000
111100000000000000000000011110111101010
111100000000000000000001101010010111101
111100000000000000000001110100101010111
111100000000000000000010100101010111011
111100000000000000000010111011101010001
111100000000000000000011001110111000110
111100000000000000000011001111000001111
111100000000000000000011010001111101100
111100000000000000000011101111000100110
111100000000000000000100101001001101111
111100000000000000000100110111110000101
111100000000000000000101000011011011011
111100000000000000000101011101100110001
111100000000000000000101100011011110010
111100000000000000000101111101100011000
111100000000000000000110001100011011101
111100000000000000000110010010100111110
111100000000000000000110010011011010110
111100000000000000000110101100011110100
111100000000000000000111100110001101001
111100000000000000000111111000110000011
111100001110010111111000000000000000000
111100011001111101110000000000000000000
111100110111110001011000000000000000000
111100111111001100101000000000000000000
111101010011101111001000000000000000000
111101010101001011111000000000000000000
111101011110111010001000000000000000000
111101100110101101110000000000000000000
111101101011011011010000000000000000000
111101101101110110100000000000000000000
111101110010111010101000000000000000000
111101111000100111011000000000000000000
111110000111111010110000000000000000000
111110011111100111000000000000000000000
111110101010111100011000000000000000000
111110101100101011101000000000000000000
111110110011001101101000000000000000000
111110110100011111010000000000000000000
111110111001010010111000000000000000000
111111001011100001111000000000000000000
111111001101011101001000000000000000000
111111010100110100111000000000000000000
111111011010001110110000000000000000000
111111100001110111100000000000000000000
111111100111000110011000000000000000000
111111111101101000010000000000000000000
111111111110010001100000000000000000000
