# designs/ccrwest/design_19_5_3
# design: C(19,5,3)=108 - schema: 14 base index on 20, 3 mismatches, 108 blocks
0001101111101111111
0010111111111011101
0011011011111101111
0011110101111110111
0011111110010111111
0011111111111011010
0100110111111101111
0101011111011110111
0101111011110011111
0101111100111111011
0101111110111111100
0110011110101111111
0110101101111111110
0110101111110110111
0110111011011111011
0111001101111011111
0111010111110111110
0111010111111111001
0111100010111111111
0111101111011101110
0111101111110110011
0111101111110110101
0111110111001011111
0111111001011111101
0111111011101110110
0111111101100101111
0111111110111000111
0111111111101101001
1000111010111111111
1001010111111011111
1001111101011101111
1001111111011101011
1001111111011101101
1001111111110110110
1010011111110111011
1010100111011111111
1010111100111111110
1010111111101100111
1011001110111110111
1011011101110111101
1011011111001111110
1011101001111111011
1011101011111111100
1011101111110001111
1011110011100111111
1011110110111101110
1011110111111110001
1011111011011010111
1011111100101011111
1011111110101111001
1100001111111111101
1100111101111101110
1100111111000111111
1100111111111010011
1101001111111111010
1101011001101111111
1101011110110101111
1101100101110111111
1101101011111100111
1101101110011011111
1101110011011111110
1101110011111111001
1101110110101110111
1101111101111010101
1101111111100111001
1101111111101001110
1110010011111110111
1110011101111111100
1110011111011001111
1110101011101011111
1110101110111101011
1110110101111011110
1110110110110011111
1110110111101111001
1110111001110111110
1110111011110101101
1110111101011110110
1110111101101111010
1110111110011110101
1111000111101101111
1111001011010111111
1111010100011111111
1111011010111011011
1111011010111011101
1111011010111011110
1111011101111100011
1111011111001111001
1111011111100010111
1111011111111100100
1111100111011111001
1111100111111010110
1111101100111101101
1111101101001110111
1111101110100111110
1111101111101011001
1111110001111001111
1111110101101111001
1111110110110111001
1111110111010100111
1111110111101111000
1111110111111001001
1111111000110110111
1111111010001101111
1111111011101110001
1111111011110101010
1111111101010011011
1111111110011110010
1111111111010011100
