0001110110111111110000000000000000000000000
1000111011011111110000000000000000000000000
1100011101101111110000000000000000000000000
1110001110110111110000000000000000000000000
1111000111011011110000000000000000000000000
1111100011101101110000000000000000000000000
1111110001110110110000000000000000000000000
1111111000111011010000000000000000000000000
1111111100011101100000000000000000000000000
1111111110001110110000000000000000000000000
0111111111000111010000000000000000000000000
1011111111100011100000000000000000000000000
1101111111110001110000000000000000000000000
0110111111111000110000000000000000000000000
1011011111111100010000000000000000000000000
1101101111111110000000000000000000000000000
1110110111111111000000000000000000000000000
0111011011111111100000000000000000000000000
0011101101111111110000000000000000000000000
0000000000000000000000000001111111111111001
0000000000000000000001111110000011001111101
0000000000000000000001111110000011101110110
0000000000000000000001111111111100110000100
0000000000000000000110011000101010101011111
0000000000000000000110011001010101010101111
0000000000000000000110011001010111110100110
0000000000000000000111100110101001100101011
0000000000000000000111100111010110011010010
0000000000000000001000000110000101111011111
0000000000000000001000000111111010000101111
0000000000000000001000000111111011100100110
0000000000000000001001111000000110110101011
0000000000000000001001111001111001001010010
0000000000000000001110011110101111010000000
0000000000000000001110011111010000101110000
0000000000000000001111100000101100011110100
0000000000000000001111100001010011100001101
