# 14 base index on 32, 4 mismatches 
0000010011011010011110010101010
0000010110010110101001100010111
0000100000010010110111011100111
0000110111000100011100111110000
0000111000101110010001100001111
0001000010011101011110001010101
0001010101001011110101101000010
0001100010001111101001010110010
0001110101011001000010110100101
0010001010110010101101001011010
0010001011100000101111010100101
0010011000111100000110111101000
0010101111111000011010000011000
0011001100110110110010010100010
0011011010100000011000010111101
0011101101100101000100001001101
0100000000001001110101110111101
0100100100011111000010101011010
0100110011001001101001001001101
0101000110010000101011111101000
0101010001000110000000011111111
0101100110000010011100100001111
0101110001010100110111000011000
0110001011100111011000101000010
0110011100110001010011001000101
0110111100100011000100010110010
0111001000111010000110100000111
0111011110101100101101000000000
0111101001101000010001011110000
