#schemalimit1 schema_50_6_adj 14
0001111111111111100000000000000000000000000000000
0011111111100000001111100000000000000000000000000
0011111111100000000000001111100000000000000000000
0111111111100000000000000000001111000000000000000
0111111111100000000000000000000000011110000000000
0111111111100000000000000000000000000000111100000
0111111111100000000000000000000000000000000001111
0011100000001111111111100000000000000000000000000
0111100000001111100000001111100000000000000000000
1111100000001111100000000000001111000000000000000
1111100000001111100000000000000000011110000000000
1111100000001111100000000000000000000000111100000
1111100000001111100000000000000000000000000001111
0011100000000000001111111111100000000000000000000
1111100000000000001111100000001111000000000000000
1111100000000000001111100000000000011110000000000
1111100000000000001111100000000000000000111100000
1111100000000000001111100000000000000000000001111
0111100000000000000000001111111111000000000000000
1111100000000000000000001111100000011110000000000
1111100000000000000000001111100000000000111100000
1111100000000000000000001111100000000000000001111
1111100000000000000000000000001111111110000000000
1111100000000000000000000000001111000000111100000
1111100000000000000000000000001111000000000001111
1111100000000000000000000000000000011111111100000
1111100000000000000000000000000000011110000001111
1111100000000000000000000000000000000000111111111
0000000001111111111111100000000000000000000000000
0000000011111111100000001111100000000000000000000
0000000111111111100000000000001111000000000000000
0000000111111111100000000000000000011110000000000
0000000111111111100000000000000000000000111100000
0000000111111111100000000000000000000000000001111
0000000011100000001111111111100000000000000000000
0000001111100000001111100000001111000000000000000
0000001111100000001111100000000000011110000000000
0000001111100000001111100000000000000000111100000
0000001111100000001111100000000000000000000001111
0000000111100000000000001111111111000000000000000
0000001111100000000000001111100000011110000000000
0000001111100000000000001111100000000000111100000
0000001111100000000000001111100000000000000001111
0000001111100000000000000000001111111110000000000
0000001111100000000000000000001111000000111100000
0000001111100000000000000000001111000000000001111
0000001111100000000000000000000000011111111100000
0000001111100000000000000000000000011110000001111
0000001111100000000000000000000000000000111111111
0000000000000001111111111111100000000000000000000
0000000000000111111111100000001111000000000000000
0000000000000111111111100000000000011110000000000
0000000000000111111111100000000000000000111100000
0000000000000111111111100000000000000000000001111
0000000000000111100000001111111111000000000000000
0000000000001111100000001111100000011110000000000
0000000000001111100000001111100000000000111100000
0000000000001111100000001111100000000000000001111
0000000000001111100000000000001111111110000000000
0000000000001111100000000000001111000000111100000
0000000000001111100000000000001111000000000001111
0000000000001111100000000000000000011111111100000
0000000000001111100000000000000000011110000001111
0000000000001111100000000000000000000000111111111
0000000000000000000011111111111111000000000000000
0000000000000000000111111111100000011110000000000
0000000000000000000111111111100000000000111100000
0000000000000000000111111111100000000000000001111
0000000000000000001111100000001111111110000000000
0000000000000000001111100000001111000000111100000
0000000000000000001111100000001111000000000001111
0000000000000000001111100000000000011111111100000
0000000000000000001111100000000000011110000001111
0000000000000000001111100000000000000000111111111
0000000000000000000000000111111111111110000000000
0000000000000000000000001111111111000000111100000
0000000000000000000000001111111111000000000001111
0000000000000000000000001111100000011111111100000
0000000000000000000000001111100000011110000001111
0000000000000000000000001111100000000000111111111
0000000000000000000000000000001111111111111100000
0000000000000000000000000000001111111110000001111
0000000000000000000000000000001111000000111111111
0000000000000000000000000000000000011111111111111
