111111110000000000011111000000000000000000
111111110000000011110001000000000000000000
111100000100000011111111000000000000000000
111110000111111000010001000000000000000000
111110000000011111000111000000000000000000
111111111111000000000100000000000000000000
111110000000011111111100000000000000000000
000000111111111111000001000000000000000000
000000111111111000011111000000000000000000
000001111100000011111111000000000000000000
000000111111111111110000000000000000000000
000000000001111111111111000000000000000000
000000000000000000000000011111111111110000
000000000000000000000000011111111110000111
000000000000000000000000011111110000111111
000000000000000000000000011110000111111111
000000000000000000000000010000111111111111
000000000000000000000000000011111111111111
