# designs/ccrwest/design_34_20_5
# design: C(34,20,5)=45 - schema: 14 base index on 35, 5 mismatches, 45 blocks
0000000000010010110010011111011011
0000000000101100011111111100001001
0000000000111110101101100011010010
0000000011000101101111000101111000
0000000011010111011100001010100011
0000000011101001110000111001110001
0000000011111011000010100110101010
0000000101001100011000000011111111
0000000101011110101010011100100100
0000000101100000000110011111110110
0000000101110010110101100000101101
0000000110001001110111000110000111
0000000110011011000101011001011100
0000000110100101101000111010001110
0000000110100111001010100101010101
0000001001001101110011101010001100
0000001001001111000001110101000111
0000001001100011011110001001001110
0000001001110001101100010110010101
0000001010001010100010110000111111
0000001010011000011100101111100100
0000001010100110110001001100110110
0000001010110100000011010011101101
0000001100000011011001110110111000
0000001100010001101011101001100011
0000001100101111000110001010110001
0000001100110101010100010101101010
0000001101101010101001000111001001
0000001111000110110110110011000000
0000001111010100000100101100011011
0000001111111000011011010000010010
1111110000000000000000011110001111
1111110000000000000001100110110011
1111110000000000000001111000111100
1111110000000000000010101011010101
1111110000000000000010110101011010
1111110000000000000011001101100110
1111110000000000000011010011101001
1111110001111000111100000000000000
1111110110011011001100000000000000
1111110111100011110000000000000000
1111111010101101010100000000000000
1111111011010101101000000000000000
1111111100110110011000000000000000
1111111101001110100100000000000000
