template 17 1 5
1 2 3 4 5
5 6 7 8 9
9 10 11 12 13
13 14 15 16 17
template 15 1 4
1 2 3 4
4 5 6 7
7 8 9 10
10 11 12 13
13 14 15
template 16 1 4
1 2 3 4 5
5 6 7 8 9
9 10 11 12 13
13 14 15 16
template 16 2 4
2  3  7  9
 6  7  8 10
 1  7 15 16
 1  3 12 14
 1  2  6 13
 1  9 10 11
 2  4 10 12
 1  4  5  8
10 13 14 16
 8  9 12 16
 3  8 11 13
 2  5 11 16
 5  7 12 13
 3  4  6 16
 5  6  9 14
 2  8 14 15
 4  9 13 15
 6 11 12 15
 4  7 11 14
 3  5 10 15
template 17 2 5
1  6  8 12 15
 2  3  4 13 15
 1  2 11 14 16
 3  6  7 16 17
 2  5  7 10 12
 1  4  9 10 17
 5  8  9 13 16
11 12 13 14 17
 7  9 11 14 15
 3  8 10 11 14
 4  5  6 11 14
 2  3  6  9 12
 4 10 12 15 16
 1  3  5 15 17
 2  4  7  8 17
 1  6  7 10 13
template 15 2 4
 2  3  4  5
 9 10 11 15
 3  8 12 13
 1  3  7 11
 2  7 12 14
 3  6 14 15
 1  6  8  9
 5  7  8 10
 4  7 13 15
 1  5 13 14
 1  4 10 12
 2  6 10 13
 5  6 11 12
 4  8 11 14
 1  2  8 15
 4  6  7  9
 5  9 12 15
 2  9 11 13
 3  9 10 14
template 15 3 6
3  4  5  6  7  8
 1  2  5  6  9 10
 2  7  8  9 11 12
 1  3  4 10 11 12
 2  4  5  6  9 13
 1  3  5  8 10 13
 1  2  4  7 11 13
 6  8  9 10 11 13
 1  5  7  8 12 13
 3  6  7  9 12 13
 2  4  8 10 12 13
 1  2  3  9 10 14
 2  3  6  7 11 14
 1  4  8  9 11 14
 4  7  9 10 11 14
 2  3  5  8 12 14
 1  5  7  9 12 14
 4  5  6 10 12 14
 2  3  4  5  9 15
 1  3  6  7 10 15
 1  4  5  6 11 15
 3  5  8  9 11 15
 2  5  7 10 11 15
 1  2  6  8 12 15
 4  7  9 10 12 15
 3  6 11 12 13 15
 4  6  7  8 14 15
 2  3  4 13 14 15
 1  6  9 13 14 15
 7  8 10 13 14 15
 5 11 12 13 14 15
template 16 3 6
1  2  3  4  7  8
 1  2  5  6 10 14
 1  2  9 12 14 16
 1  2 10 11 13 15
 1  3  5  8 15 16
 1  3  6  7 13 14
 1  3  9 10 11 12
 1  4  5  7 11 12
 1  4  6  8  9 10
 1  4  7  9 14 15
 1  4  7 10 13 16
 1  4  8 11 14 15
 1  5  8  9 12 13
 1  6 11 12 15 16
 2  3  5  7  9 10
 2  3  6  8 11 12
 2  3  7 11 14 15
 2  3  8 10 13 16
 2  4  5  8 13 14
 2  4  5  9 11 16
 2  4  6  7 15 16
 2  4  8 10 12 16
 2  5  7 12 13 15
 2  6  8  9 13 15
 3  4  5  6 10 15
 3  4  9 12 13 15
 3  4 10 11 14 16
 3  5  7 12 14 16
 3  5  8 10 11 13
 3  6  8  9 14 16
 4  6  7  9 12 14
 4  6 11 12 13 14
 5  6  7  8 10 11
 5  6  9 11 14 15
 5  6 10 12 13 16
 7  8  9 11 13 16
 7  8 10 12 14 15
 9 10 13 14 15 16
