# 15 base index on 25, 0 mismatches
111100000000011111111111,0
# 15 base index on 25, 1 mismatches
111111111111100000000011,1
000000000111111111111111,1
111111110000001111111000,1
#14 or 15
111111111011111100000000
111111111111000001110000
111111111111000000000111
111111110000011111110000
111111110000011100000111
111111110000000001111111
111100000111111111110000
111100000111111100000111
111100000111000001111111
111100000000011111111111
000001111111111111110000
000001111111111100000111
000001111111000001111111
000001110000011111111111
000000000111111111111111
