111111011111111000000000000000000000000000000
111111111100000011110000000000000000000000000
111111111100000000000111100000000000000000000
111110000001111111110000000000000000000000000
111110000001111000000111100000000000000000000
111110000000000011111111100000000000000000000
000000111111111111110000000000000000000000000
000000111111111000000111100000000000000000000
000000111100000011111111100000000000000000000
000000000001111111111111100000000000000000000
000000000000000000000000001111111111111100000
000000000000000000000000001111111110000001111
000000000000000000000000001111000000111111111
000000000000000000000000000000011111111111111
