# 14 base index on 47, 5 mismatches (23_2 and 24_2)
0000000011111111111111000000000000000000000000
1111111100000000111111000000000000000000000000
0011111101111111000000000000000000000000000000
1100011110001111000111000000000000000000000000
1100011111110001111000000000000000000000000000
1111100010001111111000000000000000000000000000
1111100011110001000111000000000000000000000000
0011111110000000111111000000000000000000000000
1101111111111110000000000000000000000000000000
1100000001111110111111000000000000000000000000
0000000000000000000000000000000011111111111111
0000000000000000000000000011111100000011111111
0000000000000000000000001111111111111100000000
0000000000000000000000010011111111111100000000
0000000000000000000000011100011100011100001111
0000000000000000000000011111100011100000001111
0000000000000000000000011100011111100011110000
0000000000000000000000011111100000011111110000
