#35 4 mismatches allowing adj mismatches counted as 1. 12-14 effect word sizes
1111111111111100000000000000000000
1111111110000001111000000000000000
1111111110000000000011110000000000
1111111110000000000000000111100000
1111111110000000000000000000001111
1111000000111111111000000000000000
1111000000111100000011110000000000
1111000000111100000000000111100000
1111000000111100000000000000001111
1111000000000001111111110000000000
1111000000000001111000000111100000
1111000000000001111000000000001111
1111000000000000000011111111100000
1111000000000000000011110000001111
1111000000000000000000000111111111
0000011111111111111000000000000000
0000011111111100000011110000000000
0000011111111100000000000111100000
0000011111111100000000000000001111
0000011110000001111111110000000000
0000011110000001111000000111100000
0000011110000001111000000000001111
0000011110000000000011111111100000
0000011110000000000011110000001111
0000011110000000000000000111111111
0000000000111111111111110000000000
0000000000111111111000000111100000
0000000000111111111000000000001111
0000000000111100000011111111100000
0000000000111100000011110000001111
0000000000111100000000000111111111
0000000000000001111111111111100000
0000000000000001111111110000001111
0000000000000001111000000111111111
0000000000000000000011111111111111
