11111111000000000001111100000000000000000
11111111000000001111000100000000000000000
11110000010000001111111100000000000000000
11111000011111100001000100000000000000000
11111000000001111100011100000000000000000
11111111111100000000010000000000000000000
11111000000001111111110000000000000000000
00000011111111111100000100000000000000000
00000011111111100001111100000000000000000
00000111110000001111111100000000000000000
00000011111111111111000000000000000000000
00000000000111111111111100000000000000000
00000000000000000000000001111111111111000
00000000000000000000000001111111111100011
00000000000000000000000001111111110001111
00000000000000000000000001111111000111111
00000000000000000000000001111100011111111
00000000000000000000000001110001111111111
00000000000000000000000001000111111111111
00000000000000000000000000011111111111111
