#45 4 VA=1, from 25_2_adj and 20_1
11111111110000000000011100000000000000000000
00000011111111111111000000000000000000000000
11111110000111111000000000000000000000000000
11111111110000000111000000000000000000000000
11100000000000111111111100000000000000000000
11000000111110000011111100000000000000000000
00111110000110000111111100000000000000000000
00011000111111111000011100000000000000000000
00001111000000111111111100000000000000000000
00000011111111110000011100000000000000000000
11111000001111110011000000000000000000000000
10001110011000000111111100000000000000000000
01110000000111110011111100000000000000000000
00000000000000000000000001111111111111100000
00000000000000000000000001111111110000001111
00000000000000000000000001111000000111111111
00000000000000000000000000000011111111111111
