# From 25_2_adj and 19_1
1111111111000000000001110000000000000000000
0000001111111111111100000000000000000000000
1111111000011111100000000000000000000000000
1111111111000000011100000000000000000000000
1110000000000011111111110000000000000000000
1100000011111000001111110000000000000000000
0011111000011000011111110000000000000000000
0001100011111111100001110000000000000000000
0000111100000011111111110000000000000000000
0000001111111111000001110000000000000000000
1111100000111111001100000000000000000000000
1000111001100000011111110000000000000000000
0111000000011111001111110000000000000000000
0000000000000000000000000111111111111100000
0000000000000000000000000111111111000001111
0000000000000000000000000111110000011111111
0000000000000000000000000100000111111111111
0000000000000000000000000000011111111111111
