111111111111110000000000000000000000000000000000000000000000000000000
111110000000000111111111000000000000000000000000000000000000000000000
000000000011111111111111000000000000000000000000000000000000000000000
000000000000000000000000011111111111111000000000000000000000000000000
000000000000000000000000011111000000000011111111100000000000000000000
000000000000000000000000000000000001111111111111100000000000000000000
000000000000000000000000000000000000000000000000011111111111111000000
000000000000000000000000000000000000000000000000011111111100000011111
000000000000000000000000000000000000000000000000011110000001111111111
000000000000000000000000000000000000000000000000000000011111111111111
