# designs/ccrwest/design_19_5_4
# design: C(19,5,4)=846 - schema: 14 base index on 20, 4 mismatches, 846 blocks
1000011011111111111
1100001101111111111
1110000110111111111
1111000011011111111
1111100001101111111
1111110000110111111
1111111000011011111
1111111100001101111
1111111110000110111
1111111111000011011
1111111111100001101
0111111111110000111
1011111111111000011
1101111111111100001
0110111111111110001
0011011111111111001
0001101111111111101
0000110111111111111
1010100011111111111
1101010001111111111
1110101000111111111
1111010100011111111
1111101010001111111
1111110101000111111
1111111010100011111
1111111101010001111
1111111110101000111
1111111111010100011
1111111111101010001
0111111111110101001
0011111111111010101
0001111111111101011
1000111111111110101
0100011111111111011
1010001111111111101
0101000111111111111
1001011001111111111
1100101100111111111
1110010110011111111
1111001011001111111
1111100101100111111
1111110010110011111
1111111001011001111
1111111100101100111
1111111110010110011
1111111111001011001
0111111111100101101
0011111111110010111
1001111111111001011
1100111111111100101
0110011111111110011
1011001111111111001
0101100111111111101
0010110011111111111
1001001110111111111
1100100111011111111
1110010011101111111
1111001001110111111
1111100100111011111
1111110010011101111
1111111001001110111
1111111100100111011
1111111110010011101
0111111111001001111
1011111111100100111
1101111111110010011
1110111111111001001
0111011111111100101
0011101111111110011
1001110111111111001
0100111011111111101
0010011101111111111
1011001010111111111
1101100101011111111
1110110010101111111
1111011001010111111
1111101100101011111
1111110110010101111
1111111011001010111
1111111101100101011
1111111110110010101
0111111111011001011
1011111111101100101
0101111111110110011
1010111111111011001
0101011111111101101
0010101111111110111
1001010111111111011
1100101011111111101
0110010101111111111
1001110100111111111
1100111010011111111
1110011101001111111
1111001110100111111
1111100111010011111
1111110011101001111
1111111001110100111
1111111100111010011
1111111110011101001
0111111111001110101
0011111111100111011
1001111111110011101
0100111111111001111
1010011111111100111
1101001111111110011
1110100111111111001
0111010011111111101
0011101001111111111
1001101011011111111
1100110101101111111
1110011010110111111
1111001101011011111
1111100110101101111
1111110011010110111
1111111001101011011
1111111100110101101
0111111110011010111
1011111111001101011
1101111111100110101
0110111111110011011
1011011111111001101
0101101111111100111
1010110111111110011
1101011011111111001
0110101101111111101
0011010110111111111
1010101101011111111
1101010110101111111
1110101011010111111
1111010101101011111
1111101010110101111
1111110101011010111
1111111010101101011
1111111101010110101
0111111110101011011
1011111111010101101
0101111111101010111
1010111111110101011
1101011111111010101
0110101111111101011
1011010111111110101
0101101011111111011
1010110101111111101
0101011010111111111
1011001101011111111
1101100110101111111
1110110011010111111
1111011001101011111
1111101100110101111
1111110110011010111
1111111011001101011
1111111101100110101
0111111110110011011
1011111111011001101
0101111111101100111
1010111111110110011
1101011111111011001
0110101111111101101
0011010111111110111
1001101011111111011
1100110101111111101
0110011010111111111
1010110110011111111
1101011011001111111
1110101101100111111
1111010110110011111
1111101011011001111
1111110101101100111
1111111010110110011
1111111101011011001
0111111110101101101
0011111111010110111
1001111111101011011
1100111111110101101
0110011111111010111
1011001111111101011
1101100111111110101
0110110011111111011
1011011001111111101
0101101100111111111
1011111000011111111
1101111100001111111
1110111110000111111
1111011111000011111
1111101111100001111
1111110111110000111
1111111011111000011
1111111101111100001
0111111110111110001
0011111111011111001
0001111111101111101
0000111111110111111
1000011111111011111
1100001111111101111
1110000111111110111
1111000011111111011
1111100001111111101
0111110000111111111
1000101111101111111
1100010111110111111
1110001011111011111
1111000101111101111
1111100010111110111
1111110001011111011
1111111000101111101
0111111100010111111
1011111110001011111
1101111111000101111
1110111111100010111
1111011111110001011
1111101111111000101
0111110111111100011
1011111011111110001
0101111101111111001
0010111110111111101
0001011111011111111
1011000111101111111
1101100011110111111
1110110001111011111
1111011000111101111
1111101100011110111
1111110110001111011
1111111011000111101
0111111101100011111
1011111110110001111
1101111111011000111
1110111111101100011
1111011111110110001
0111101111111011001
0011110111111101101
0001111011111110111
1000111101111111011
1100011110111111101
0110001111011111111
1001111010101111111
1100111101010111111
1110011110101011111
1111001111010101111
1111100111101010111
1111110011110101011
1111111001111010101
0111111100111101011
1011111110011110101
0101111111001111011
1010111111100111101
0101011111110011111
1010101111111001111
1101010111111100111
1110101011111110011
1111010101111111001
0111101010111111101
0011110101011111111
1011011100101111111
1101101110010111111
1110110111001011111
1111011011100101111
1111101101110010111
1111110110111001011
1111111011011100101
0111111101101110011
1011111110110111001
0101111111011011101
0010111111101101111
1001011111110110111
1100101111111011011
1110010111111101101
0111001011111110111
1011100101111111011
1101110010111111101
0110111001011111111
1011110011001111111
1101111001100111111
1110111100110011111
1111011110011001111
1111101111001100111
1111110111100110011
1111111011110011001
0111111101111001101
0011111110111100111
1001111111011110011
1100111111101111001
0110011111110111101
0011001111111011111
1001100111111101111
1100110011111110111
1110011001111111011
1111001100111111101
0111100110011111111
1001101101110111111
1100110110111011111
1110011011011101111
1111001101101110111
1111100110110111011
1111110011011011101
0111111001101101111
1011111100110110111
1101111110011011011
1110111111001101101
0111011111100110111
1011101111110011011
1101110111111001101
0110111011111100111
1011011101111110011
1101101110111111001
0110110111011111101
0011011011101111111
1010111001110111111
1101011100111011111
1110101110011101111
1111010111001110111
1111101011100111011
1111110101110011101
0111111010111001111
1011111101011100111
1101111110101110011
1110111111010111001
0111011111101011101
0011101111110101111
1001110111111010111
1100111011111101011
1110011101111110101
0111001110111111011
1011100111011111101
0101110011101111111
1010101110110111111
1101010111011011111
1110101011101101111
1111010101110110111
1111101010111011011
1111110101011101101
0111111010101110111
1011111101010111011
1101111110101011101
0110111111010101111
1011011111101010111
1101101111110101011
1110110111111010101
0111011011111101011
1011101101111110101
0101110110111111011
1010111011011111101
0101011101101111111
1001110111010111111
1100111011101011111
1110011101110101111
1111001110111010111
1111100111011101011
1111110011101110101
0111111001110111011
1011111100111011101
0101111110011101111
1010111111001110111
1101011111100111011
1110101111110011101
0111010111111001111
1011101011111100111
1101110101111110011
1110111010111111001
0111011101011111101
0011101110101111111
1011011110010111111
1101101111001011111
1110110111100101111
1111011011110010111
1111101101111001011
1111110110111100101
0111111011011110011
1011111101101111001
0101111110110111101
0010111111011011111
1001011111101101111
1100101111110110111
1110010111111011011
1111001011111101101
0111100101111110111
1011110010111111011
1101111001011111101
0110111100101111111
1010011111100111111
1101001111110011111
1110100111111001111
1111010011111100111
1111101001111110011
1111110100111111001
0111111010011111101
0011111101001111111
1001111110100111111
1100111111010011111
1110011111101001111
1111001111110100111
1111100111111010011
1111110011111101001
0111111001111110101
0011111100111111011
1001111110011111101
0100111111001111111
1011110101100111111
1101111010110011111
1110111101011001111
1111011110101100111
1111101111010110011
1111110111101011001
0111111011110101101
0011111101111010111
1001111110111101011
1100111111011110101
0110011111101111011
1011001111110111101
0101100111111011111
1010110011111101111
1101011001111110111
1110101100111111011
1111010110011111101
0111101011001111111
1011101111000111111
1101110111100011111
1110111011110001111
1111011101111000111
1111101110111100011
1111110111011110001
0111111011101111001
0011111101110111101
0001111110111011111
1000111111011101111
1100011111101110111
1110001111110111011
1111000111111011101
0111100011111101111
1011110001111110111
1101111000111111011
1110111100011111101
0111011110001111111
1011010011111011111
1101101001111101111
1110110100111110111
1111011010011111011
1111101101001111101
0111110110100111111
1011111011010011111
1101111101101001111
1110111110110100111
1111011111011010011
1111101111101101001
0111110111110110101
0011111011111011011
1001111101111101101
0100111110111110111
1010011111011111011
1101001111101111101
0110100111110111111
1011101001111011111
1101110100111101111
1110111010011110111
1111011101001111011
1111101110100111101
0111110111010011111
1011111011101001111
1101111101110100111
1110111110111010011
1111011111011101001
0111101111101110101
0011110111110111011
1001111011111011101
0100111101111101111
1010011110111110111
1101001111011111011
1110100111101111101
0111010011110111111
1011100110111011111
1101110011011101111
1110111001101110111
1111011100110111011
1111101110011011101
0111110111001101111
1011111011100110111
1101111101110011011
1110111110111001101
0111011111011100111
1011101111101110011
1101110111110111001
0110111011111011101
0011011101111101111
1001101110111110111
1100110111011111011
1110011011101111101
0111001101110111111
1001111101011011111
1100111110101101111
1110011111010110111
1111001111101011011
1111100111110101101
0111110011111010111
1011111001111101011
1101111100111110101
0110111110011111011
1011011111001111101
0101101111100111111
1010110111110011111
1101011011111001111
1110101101111100111
1111010110111110011
1111101011011111001
0111110101101111101
0011111010110111111
1011101011101011111
1101110101110101111
1110111010111010111
1111011101011101011
1111101110101110101
0111110111010111011
1011111011101011101
0101111101110101111
1010111110111010111
1101011111011101011
1110101111101110101
0111010111110111011
1011101011111011101
0101110101111101111
1010111010111110111
1101011101011111011
1110101110101111101
0111010111010111111
1010111101101011111
1101011110110101111
1110101111011010111
1111010111101101011
1111101011110110101
0111110101111011011
1011111010111101101
0101111101011110111
1010111110101111011
1101011111010111101
0110101111101011111
1011010111110101111
1101101011111010111
1110110101111101011
1111011010111110101
0111101101011111011
1011110110101111101
0101111011010111111
1011011101110011111
1101101110111001111
1110110111011100111
1111011011101110011
1111101101110111001
0111110110111011101
0011111011011101111
1001111101101110111
1100111110110111011
1110011111011011101
0111001111101101111
1011100111110110111
1101110011111011011
1110111001111101101
0111011100111110111
1011101110011111011
1101110111001111101
0110111011100111111
1010111100111101111
1101011110011110111
1110101111001111011
1111010111100111101
0111101011110011111
1011110101111001111
1101111010111100111
1110111101011110011
1111011110101111001
0111101111010111101
0011110111101011111
1001111011110101111
1100111101111010111
1110011110111101011
1111001111011110101
0111100111101111011
1011110011110111101
0101111001111011111
1011010111011101111
1101101011101110111
1110110101110111011
1111011010111011101
0111101101011101111
1011110110101110111
1101111011010111011
1110111101101011101
0111011110110101111
1011101111011010111
1101110111101101011
1110111011110110101
0111011101111011011
1011101110111101101
0101110111011110111
1010111011101111011
1101011101110111101
0110101110111011111
1011011110011101111
1101101111001110111
1110110111100111011
1111011011110011101
0111101101111001111
1011110110111100111
1101111011011110011
1110111101101111001
0111011110110111101
0011101111011011111
1001110111101101111
1100111011110110111
1110011101111011011
1111001110111101101
0111100111011110111
1011110011101111011
1101111001110111101
0110111100111011111
1011101101101101111
1101110110110110111
1110111011011011011
1111011101101101101
0111101110110110111
1011110111011011011
1101111011101101101
0110111101110110111
1011011110111011011
1101101111011101101
0110110111101110111
1011011011110111011
1101101101111011101
0110110110111101111
1011011011011110111
1101101101101111011
1110110110110111101
0111011011011011111
1010010111111111110
1101001011111111110
1110100101111111110
1111010010111111110
1111101001011111110
1111110100101111110
1111111010010111110
1111111101001011110
1111111110100101110
1111111111010010110
1111111111101001010
1111111111110100100
0111111111111010010
1011111111111101000
0101111111111110100
0010111111111111010
1001011111111111100
0100101111111111110
1001110011111111110
1100111001111111110
1110011100111111110
1111001110011111110
1111100111001111110
1111110011100111110
1111111001110011110
1111111100111001110
1111111110011100110
1111111111001110010
1111111111100111000
0111111111110011100
0011111111111001110
1001111111111100110
1100111111111110010
1110011111111111000
0111001111111111100
0011100111111111110
1011010101111111110
1101101010111111110
1110110101011111110
1111011010101111110
1111101101010111110
1111110110101011110
1111111011010101110
1111111101101010110
1111111110110101010
1111111111011010100
0111111111101101010
1011111111110110100
0101111111111011010
1010111111111101100
0101011111111110110
1010101111111111010
1101010111111111100
0110101011111111110
1000111110111111110
1100011111011111110
1110001111101111110
1111000111110111110
1111100011111011110
1111110001111101110
1111111000111110110
1111111100011111010
1111111110001111100
0111111111000111110
1011111111100011110
1101111111110001110
1110111111111000110
1111011111111100010
1111101111111110000
0111110111111111000
0011111011111111100
0001111101111111110
1011101100111111110
1101110110011111110
1110111011001111110
1111011101100111110
1111101110110011110
1111110111011001110
1111111011101100110
1111111101110110010
1111111110111011000
0111111111011101100
0011111111101110110
1001111111110111010
1100111111111011100
0110011111111101110
1011001111111110110
1101100111111111010
1110110011111111100
0111011001111111110
1010110111101111110
1101011011110111110
1110101101111011110
1111010110111101110
1111101011011110110
1111110101101111010
1111111010110111100
0111111101011011110
1011111110101101110
1101111111010110110
1110111111101011010
1111011111110101100
0111101111111010110
1011110111111101010
1101111011111110100
0110111101111111010
1011011110111111100
0101101111011111110
1011111001101111110
1101111100110111110
1110111110011011110
1111011111001101110
1111101111100110110
1111110111110011010
1111111011111001100
0111111101111100110
1011111110111110010
1101111111011111000
0110111111101111100
0011011111110111110
1001101111111011110
1100110111111101110
1110011011111110110
1111001101111111010
1111100110111111100
0111110011011111110
1011101011110111110
1101110101111011110
1110111010111101110
1111011101011110110
1111101110101111010
1111110111010111100
0111111011101011110
1011111101110101110
1101111110111010110
1110111111011101010
1111011111101110100
0111101111110111010
1011110111111011100
0101111011111101110
1010111101111110110
1101011110111111010
1110101111011111100
0111010111101111110
1011110110110111110
1101111011011011110
1110111101101101110
1111011110110110110
1111101111011011010
1111110111101101100
0111111011110110110
1011111101111011010
1101111110111101100
0110111111011110110
1011011111101111010
1101101111110111100
0110110111111011110
1011011011111101110
1101101101111110110
1110110110111111010
1111011011011111100
0111101101101111110
1010111011111011110
1101011101111101110
1110101110111110110
1111010111011111010
1111101011101111100
0111110101110111110
1011111010111011110
1101111101011101110
1110111110101110110
1111011111010111010
1111101111101011100
0111110111110101110
1011111011111010110
1101111101111101010
1110111110111110100
0111011111011111010
1011101111101111100
0101110111110111110
1001111111001111110
1100111111100111110
1110011111110011110
1111001111111001110
1111100111111100110
1111110011111110010
1111111001111111000
0111111100111111100
0011111110011111110
1010111111010111110
1101011111101011110
1110101111110101110
1111010111111010110
1111101011111101010
1111110101111110100
0111111010111111010
1011111101011111100
0101111110101111110
1011011111011011110
1101101111101101110
1110110111110110110
1111011011111011010
1111101101111101100
0111110110111110110
1011111011011111010
1101111101101111100
0110111110110111110
1011101111011101110
1101110111101110110
1110111011110111010
1111011101111011100
0111101110111101110
1011110111011110110
1101111011101111010
1110111101110111100
0111011110111011110
