# 14 base index on 38, 6 mismatches
0000010101011101101001111000100000000
0000101100111010010100101111000000000
0000111001100111110101010100000000000
0001000101100001111011111000100000000
0001000101101111010110110001000000000
0001000101101111011110010000100000000
0001001010110101001111101000100000000
0001010000110010111111100011000000000
0001010000110010111111101000100000000
0001101001010101000010111111000000000
0001101001011011100111010100000000000
0001110111001010110010110100000000000
0001110111010100010111010100000000000
0001111100001000101011001111000000000
0010000011110100101011001111000000000
0010010010100111101111010100000000000
0010010110101001000010111111000000000
0010011001110101110110100100000000000
0010011101111011010011000100000000000
0010101011110100111001010100000000000
0010101111001110110111000000000000000
0010111010010011010110010001100000000
0010111010010011010110011010000000000
0011000110011011110101010100000000000
0011010011000110010100101111000000000
0011101010100001101001110010100000000
0011101010101001101001111000000000000
0011111111111100000000000001100000000
0011111111111100001000001000000000000
0100001011010010011001111001100000000
0100010101011101101001110001000000000
0100011110001111110000001001100000000
0100100111101000001101010110100000000
0100110010110101100100100110100000000
0101000101101111010110011000000000000
0101010000111010111111100000000000000
0101011011100000100110011001100000000
0101100010000111011011000110100000000
0101110100001110010001011001100000000
0110001000100110110010110110100000000
0110100100011100100110011001100000000
0110110001000001001111101001100000000
0110111010010011010110110000000000000
0111001101001001100100100110100000000
0111011000010100001101010110100000000
0111100001110011110000001001100000000
0111101010100001101001110001000000000
0111111111111100000000000010000000000
1000000100001110101101101011100000000
1000001010011110101000101110100000000
1000010101010011001100011011100000000
1000010101010011100100011110100000000
1000010101011101101001110010000000000
1000100000001111101101011010100000000
1000101100110100111001000101100000000
1000111000010101010011011010100000000
1000111001101001010000110101100000000
1001000000101100101110101110100000000
1001000101101111010110010010000000000
1001010000111100010010101110100000000
1001010000111100111010001010100000000
1001010100110010111111100000000000000
1001011010101100001011110010000000000
1001111100000110000110100101100000000
1001111111000010000101001010100000000
1010000001001110101101101010100000000
1010000011111010000110100101100000000
1010010101010011000101011010100000000
1010101111000000010010101110100000000
1010101111000000111010001010100000000
1010101111001000010011001010100000000
1010111010010011011110010000000000000
1011000110010101010000110101100000000
1011010000111100010011001010100000000
1011010011001000111001000101100000000
1011101010100110000100011010100000000
1011101110100001101001110000000000000
1011111111111100000000100000000000000
1100000000001110111101101010100000000
1100001011011100110100010011000000000
1100010101010011000100111010100000000
1100011110000001011101100011000000000
1100100111100110100000111100000000000
1100110010111011001001001100000000000
1101001110110011100010000011000000000
1101010000111100010010001011100000000
1101100001110101011101000010000000000
1101100010001001110110101100000000000
1110001000101000011111011100000000000
1110100100010010001011110011000000000
1110101111000000010010001011100000000
1110110001001111100010000011000000000
1111001101000111001001001100000000000
1111011000011010100000111100000000000
1111110100100000110100010011000000000
0000001110011110000011010101100000000
0000001110011110001011110100000000000
0000010101111101101001110000000000000
0000011011000011101010101100100000000
0000011011001011101010100110000000000
0000100010100100010111111011000000000
0000110111111001110110000000000000000
0000111100100011000111010010100000000
0001001011110001010101000101100000000
0001001011110001010101101100000000000
0001010101111110000101001000100000000
0001011110101100110100010100000000000
0001100111001011000001101011000000000
0001101000010111110101110000000000000
0001110010010110101000011011000000000
0001110011010101101000110100000000000
0001111010100110110011000100000000000
0010001101101010101000011011000000000
0010011000110111000001101011000000000
0010100001010000111100110111000000000
0010100001010000111100111100100000000
0010101111101101100001010000000000000
0010110100001101010101100101000000000
0010110100001101011101000100100000000
0011000011010111100111100000000000000
0011001000000101111110001011000000000
0011011001010110111010010000000000000
0011011010100101010111010000000000000
0011011101011000010111010000000000000
0011100100111111100010000100000000000
0011101011000011010110010100000000000
0011110001100010000011010101100000000
0011110001100010000011011110000000000
0011110001100010001011110100000000000
0100000101001100011010101101100000000
0100001110011110000011011100000000000
0100010000010001110011011101100000000
0100011011000011101010100101000000000
0100101001110110001110000010100000000
0101000000100011001100111101100000000
0101001011110001010101000110000000000
0101101100011001011000010010100000000
0101111001000100110001100010100000000
0110000110111000110001100010100000000
0110010011100101011000010010100000000
0110100001011000111100110100000000000
0110101010000010100101001101100000000
0110110100001101010101001100000000000
0110111010010000001000101101100000000
0111010110001010001110000010100000000
1000001110010000001110111010100000000
1000001110011110000011010110000000000
1000010000001110101101101010100000000
1000010000010110011110010111000000000
1000010011101011010101011000000000000
1000011011001101000110001010100000000
1000011111000011101010100100000000000
1000100010101010111010010001100000000
1000100110110111010011000000100000000
1001001011110001011101000100000000000
1001011110100010010000011010100000000
1001100111000101101100000001100000000
1001110010011000000101110001100000000
1010001101100100000101110001100000000
1010011000111001101100000001100000000
1010100001011110010000011010100000000
1010100101010000111100110100000000000
1010110100000011110000101110000000000
1010110100001101010101000110000000000
1010111111010000100001010010000000000
1011001000001011010011100001100000000
1011100100110001000110001010100000000
1100000101000010110111000111000000000
1100101001111000100011101000000000000
1100111100100101001010011000000000000
1101000000101101100001010111000000000
1101010101110000001000100111000000000
1101111001001010011100001000000000000
1110000110110110011100001000000000000
1110101010001100001000100111000000000
1111000011011001001010011000000000000
1111010110000100100011101000000000000
1111110001100010000011010100000000000
