1111111111111100000000000000000000000000000000000
1111111000000001111110000000000000000000000000000
1111111000000000000000111111100000000000000000000
0000000011111111111110000000000000000000000000000
0000000011111100000000111111100000000000000000000
0000000000000001111111111111100000000000000000000
0000000000000000000000000000001111111111111100000
0000000000000000000000000000001111111110000001111
0000000000000000000000000000001111000000111111111
0000000000000000000000000000000000011111111111111
