#from 22_2 and 23_2
0000000011111111111111000000000000000000000
1111111100000000111111000000000000000000000
0011111101111111000000000000000000000000000
1100011110001111000111000000000000000000000
1100011111110001111000000000000000000000000
1111100010001111111000000000000000000000000
1111100011110001000111000000000000000000000
0011111110000000111111000000000000000000000
1101111111111110000000000000000000000000000
1100000001111110111111000000000000000000000
0000000000000000000000000000011111111111111
0000000000000000000000111111100000001111111
0000000000000000000000111111111111110000000
0000000000000000000000000111100011110011111
0000000000000000000000000111111100011100111
0000000000000000000000111000100011111100111
0000000000000000000000111000111100010011111
0000000000000000000000000011111111101111000
0000000000000000000000111111000001111111000
0000000000000000000000111100011110011111000
0000000000000000000000111100011111100000111
