# Merging schema 38,3 with 38,3
# Schema 75 7
00000000000000000000000111111111111110000000000000000000000000000000000000
00000000000000000001111111111111100000000000000000000000000000000000000000
00000000000000000011111000001111111110000000000000000000000000000000000000
00000000000000000011111111110000011110000000000000000000000000000000000000
00001111111111111100000000000000000000000000000000000000000000000000000000
00111111111111110000000000000000000000000000000000000000000000000000000000
11110000111111111100000000000000000000000000000000000000000000000000000000
11111111000011111100000000000000000000000000000000000000000000000000000000
11111111111100001100000000000000000000000000000000000000000000000000000000
00000000000000000000000000000000000000000000000000000000000011111111111111
00000000000000000000000000000000000000000000000000000000111111111111110000
00000000000000000000000000000000000000000000000000000001111100000111111111
00000000000000000000000000000000000000000000000000000001111111111000001111
00000000000000000000000000000000000000000111111111111110000000000000000000
00000000000000000000000000000000000000011111111111111000000000000000000000
00000000000000000000000000000000000001111000011111111110000000000000000000
00000000000000000000000000000000000001111111100001111110000000000000000000
00000000000000000000000000000000000001111111111110000110000000000000000000
