# designs/ccrwest/design_29_15_6
# design: C(29,15,6)=250 - schema: 14 base index on 30, 6 mismatches, 250 blocks
00000010101011101101001110011
00000011111100000011111111000
00000011111111111100001010000
00000011111111111100100010000
00000101100111010010100101111
00000111001100000111100011111
00001000000111111111111100000
00001000101101111010110010011
00001010000110010111111100011
00001101001010101000010111111
00001110101001010110000110111
00001111010011010011101100100
00001111100001000101011001111
00010000010011010111101001111
00010000011110100101011001111
00010010110101001000010111111
00010011101011011011011000100
00010101010101010101010111100
00010101010110101010101011100
00010101111000111101101000100
00010101111001100011111100000
00010110010101111110010100100
00010110101001010110101011100
00010110101010101001010111100
00010111010010011010110010011
00011010011000110010100101111
00011101010100001101001110011
00011110010010010101111100100
00011111111111100000000000011
00100000000011111111111110000
00100001011010010011001111011
00100001100110101000111101011
00100011110001111110000001011
00100011111111111100000001000
00100100111101000001101010111
00100110010110101100100100111
00101000101101110100101001101
00101001101001101001101011100
00101001101010010110010111100
00101010010101101010010111100
00101010010110010101101011100
00101011011100000100110011011
00101011111100000011111100000
00101100010000111011011000111
00101100101100101100101111000
00101100101111010011010011000
00101111010000101111010011000
00101111010011010000101111000
00110001000100110110010110111
00110100100011100100110011011
00110101111010010110010100100
00110110001000001001111101011
00111000111011000111000111000
00111001101001001100100100111
00111011000010100001101010111
00111011000100111011000111000
00111011000111000100111011000
00111100001110011110000001011
00111100010111101011101000000
00111110100100110000001101011
00111111101000010111101000000
00111111101011101000010100000
01000000000011111111111101000
01000001000001110101101101111
01000010101010011001100111011
01000010101010011100101011011
01000011111100001011111100000
01000011111100100011111100000
01000100000101110101101101011
01000100111100110100000111011
01000101100110100111001000111
01000110010010100011011011011
01000110010111011001001001011
01000111001101001010000110111
01001000101100001010011111011
01001001000011011101100010111
01001010000111100011010101011
01001010000111100110011001011
01001011111111111100000000000
01001100010001001110110101011
01001101001101001101001110100
01001101001110110010110010100
01001110110001001110110010100
01001110110010110001001110100
01001111100000110000110100111
01010000011111010000110100111
01010000110000111101010010111
01010001000101000011111011011
01010010101010110111010000011
01010101111000000011010101011
01010101111000000110011001011
01011000011011001001010011011
01011000110010101010000110111
01011001011001011001011010100
01011001011010100110100110100
01011001101000111001001001011
01011010011001000111001000111
01011010100101011010100110100
01011010100110100101011010100
01011011000011010100000111011
01011100011100011100011101000
01011100011111100011100001000
01011101010101110000100001011
01011111100000011111100001000
01011111100011100000011101000
01100001011011100110100010011
01100010011101110000001110011
01100010101010011000100011111
01100011110000001011101100011
01100101100101100101100101100
01100101100110011010011001100
01100110011001100110011001100
01100110011010011001100101100
01101000000001110101101101011
01101001110110011100010000011
01101010000111100010010001111
01110001110001110001110001100
01110001110010001110001101100
01110010001101110010001101100
01110010001110001101110001100
01110100100010010001011110011
01110100110100110100110110000
01110100110111001011001010000
01110101111000000010010001111
01110110001001111100010000011
01110111001000110111001010000
01110111001011001000110110000
01111000011000111000111011000
01111100001111000000101100011
01111110100100000110100010011
10000000101001111101111100100
10000001110011110000011010111
10000011011000011101010100111
10000100010100100010111111011
10000100111000111011000111100
10000100111011000100111011100
10000100111101001110010001011
10000111000100111000111011100
10000111000111000111000111100
10000111010011101111010000100
10000111101010101110101100000
10001000000111111101000100111
10001001011110001010101000111
10001010000101100101100110111
10001100111001011000001101011
10001110010010110101000011011
10010000101100101111010011100
10010000101111010000101111100
10010001101101010101000011011
10010010111010111010111000000
10010011000110111000001101011
10010011000111111011000100100
10010011010000101100101111100
10010011010011010011010011100
10010011101011000000110111001
10010100001010000111100110111
10010101010110111101010100000
10010101101001101010010111000
10010101101010010101101011000
10010110010101101001101011000
10010110010110010110010111000
10010110100001101010101000111
10010110111011101000100100100
10010111010111010110010000100
10011001000000101111110001011
10011011000011000111111000100
10011101010001010110111100000
10011110001100010000011010111
10100000101001100011010101111
10100010000010001110011011111
10100101001110110001110000011
10100101100000011100101110011
10100111101011010011010000100
10101000000100011001100111111
10101000111100111111000000100
10101000111111000000111100100
10101001010101010110101011000
10101001010110101001010111000
10101010101001010101010111000
10101011000000111100111100100
10101101100011001011000010011
10101111001000100110001100011
10110000110111000110001100011
10110010011100101011000010011
10110011110011000111000100100
10110100101100101011010100100
10110101010000010100101001111
10110110111001010101010100000
10111000011000011000110110011
10111001000110000011010101101
10111010110001010001110000011
10111100000000000011111111100
10111100000011111100000011100
10111100101011010100101000100
10111111010100101000101000100
10111111111100000000000011100
11000000000001110101101111011
11000001110010000100110011111
11000010011110011010001100011
11000011011001101000110001011
11000100010101010111010010011
11000111100100100001010011011
11001000110100110111001001100
11001000110111001000110101100
11001011001000110100110101100
11001011001011001011001001100
11001011110100010010000011011
11001100111000101101100000011
11001101110001110010001110000
11001101110010001101110010000
11001110001001010011100001011
11001110001101110001110010000
11001110001110001110001110000
11001110010011000000101110011
11010000010110110011100001011
11010001101100100000101110011
11010011000111001101100000011
11010100001011110010000011011
11010100101111010100101000100
11010110100000011110000100111
11010111011100101000101000100
11010111110100101000101000100
11010111111010000100001000011
11011001000001011010011100011
11011001100101100110011010000
11011001100110011001100110000
11011010011001100101100110000
11011010011010011010011010000
11011010110000100100010101011
11011100100110001000110001011
11011100101000101011010100100
11100000011100011111100010100
11100000011111100000011110100
11100000101000010110111000111
11100010000001011010100110111
11100011100000011100011110100
11100011100011100011100010100
11100101001111000000010101011
11100101011001011010100101000
11100101011010100101011001000
11100110100101011001011001000
11100110100110100110100101000
11101000000101101100001010111
11101010101010101010100011000
11101010101110000001000100111
11110001001101001110110001000
11110001001110110001001101000
11110010110001001101001101000
11110010110010110010110001000
11110101010001100001000100111
