# 12 base index on 21, 3 mismatches 
00001101011111100101
00010110011111010011
00100000111110111110
00111011100001110111
01000011111101111000
01011110100010111101
01101111000011011110
01110101100011101011
01111010011100001011
01111101111100000100
10011000111011001110
10011101100100111011
10101011011010101001
10101110100101011101
10110111000101101110
10110111111010010000
11000111100110001111
11001110111001100010
11010001011001011101
11011011000110110110
11100100011000110111
11101001100111010011
11110010100111100101
11111100000111111000
