# designs/ccrwest/design_34_20_7
# design: C(34,20,7)=284 - schema: 14 base index on 35, 7 mismatches, 284 blocks
0000000000101010111011010011110001
0000000001011001110100101001011110
0000000001110011001111101010101000
0000000010001011000011110111110001
0000000010001011011110101101100010
0000000010001011011110111100100001
0000000010010101101010011111010001
0000000010100001100101111111000110
0000000010100001100101111111010001
0000000011010010101010000101111110
0000000011010010110111001110101000
0000000011101110010101100101101000
0000000011101110101000101110101000
0000000011111000010001010110011110
0000000100000111101001010110011110
0000000100100101001111011110101000
0000000100101101010010000101111110
0000000100110011101011101101001000
0000000100111011110110100110001000
0000000101010111101001110010101000
0000000101011110011101101110000000
0000000101110100100110101100100011
0000000101110100100110101100110100
0000000110001100110111101010101000
0000000110100110001100101001011110
0000000111010101000011010011100101
0000000111010101010011010011110000
0000000111111111111000000000000011
0000000111111111111000010000010000
0000001000010110100100110011110011
0000001000101010111011010011100010
0000001000111100011111100000010011
0000001001001111010000011010101101
0000001001100101101011001001001101
0000001010001011011110101100110000
0000001010100001110101111111000000
0000001010110111000001001100110011
0000001011000100001110110110001101
0000001011101000011100100010110011
0000001100010001001101100101101101
0000001101001000111001001100110011
0000001101100010000010011111010011
0000001101110100100110101101100000
0000001110011010010011001001001101
0000001110110000101000011010101101
0000001111000011100111100000010011
0000001111010101000011010011100010
0000001111111111111000000000000100
0000010000001000011101011011010111
0000010000010100111101010001011101
0000010000101010100110011000110111
0000010000101010100111001000111101
0000010000101010111011010011100100
0000010001000000011111011010110101
0000010001011001101001110010001011
0000010001110000101010100110110101
0000010001110011010010100001101011
0000010010000001011001011101011101
0000010010001011011110101100100100
0000010010100001111000100101011101
0000010010100001111001110100010101
0000010010101001100101111111000000
0000010010110101011000010111100100
0000010011111000001100001101001011
0000010011111110000100001010010101
0000010100000010011101011011010101
0000010100000111110100001101001011
0000010100101010100110001010110101
0000010101011110000000100101011101
0000010101011110000001110100010101
0000010101011110010000100110010101
0000010101110100100110111100100000
0000010110001100101010100001101011
0000010110100001111000100110010101
0000010110100110010001110010001011
0000010111010101001100001000110101
0000010111011101000011010011100000
0000010111111111111000000001000000
0000011000000000011101111011010101
0000011000010110111001101000100110
0000011000101010100110001001110101
0000011000111100000010111011000110
0000011001001111001101000001111000
0000011001100101110110010010011000
0000011010011101100111000100000110
0000011010100001111000100100010111
0000011011000011101010111010000100
0000011011000100010011101101011000
0000011100010001010000111110111000
0000011101001000100100010111100110
0000011101011110000000100100010111
0000011101100010011111000100000110
0000011110011010001110010010011000
0000011110110000110101000001111000
0000011111101001000001101000100110
0000100000011100111100000110101011
0000100000011100111100010111101000
0000100000101011111011010011100000
0000100000110110000111010101011001
0000100000110110010111010101001100
0000100001000101001000101111110110
0000100001101111110011101100000000
0000100001111001000110001110100101
0000100010010111100010101010001011
0000100010010111100010101011011000
0000100010101011111100001010010001
0000100010111101011001101000101000
0000100011001110010110000011010110
0000100011010000101111101011100000
0000100011100100101101010000110110
0000100011100110101011010001101000
0000100011110101001101100110001000
0000100100011011010101010000110110
0000100100110001101110000011010110
0000100101000010100001111001101110
0000100101000010100001111001111001
0000100101011111011011000010100000
0000100101101000011010101011001010
0000100101101000011010111010001001
0000100110000110101111001111000000
0000100110010000001011111100010110
0000100110110010101101110100100000
0000100110110101001010101110100000
0000100110111010110000101110100000
0000100111001001111111000100001000
0000100111010110000110101100101000
0000100111100011000100000110101011
0000100111100011000100000110111100
0000100111100011000100010111101000
0000101000001010011000110101011011
0000101000011100111100000110111000
0000101000100000100011100110111011
0000101000110110000111010101001010
0000101001010011101100011100000101
0000101010000001000110011001111011
0000101010010111100010101010001100
0000101011011000110010110000100101
0000101011110010001001100011000101
0000101100001101110001100011000101
0000101100100111001010110000100101
0000101101000010110001111001101000
0000101101010100000101001010011011
0000101101101000011010101010011000
0000101101110100100000010001011011
0000101110101100010100011100000101
0000110000011100100000011101110101
0000110000011100111100000110101100
0000110000100000011101011011010101
0000110000100000101100111100101110
0000110000100111010110101010110000
0000110000110110011010001100010101
0000110000111110000111010101001000
0000110001000101010101110100100011
0000110001001101101110100110000001
0000110010010111100010111010001000
0000110010111101000100100000110101
0000110011001110001011011000000011
0000110011100100110000001011100011
0000110100011011001000001011100011
0000110100110001110011011000000011
0000110101000010111100100000110101
0000110101001010100001111001101000
0000110101101000000111100001011100
0000110101101000011010101010001100
0000110101111110100001000010100100
0000110110010000010110100111000011
0000110111001001100010001100010101
0000111000001010000101101110001110
0000111001010011110001000111010000
0000111001111001001010010100110000
0000111010000001011011000010101110
0000111010101011100000010001001110
0000111011110010010100111000010000
0000111100001101101100111000010000
0000111101010100011000010001001110
0000111110000110110010010100110000
0000111110101100001001000111010000
0000111111100011000100000110101000
1111000000000000011010110001100111
1111000000000000100110101101010011
1111000000000000111100011100111000
1111000000000001000011011111100100
1111000000000001001110000101101101
1111000000000001010101000001101111
1111000000000001011000101110010011
1111000000000001100100110010100111
1111000000000001111111000011001000
1111000000000010001101011010011001
1111000000000010010100101011110100
1111000000000010101010110111001000
1111000000000010110001000110100111
1111000000000011101001101000011100
1111000000000011110010011001010010
1111000000000100001101100111110000
1111000000000100010010010110011011
1111000000000100101010001010100111
1111000000000100110001111011001000
1111000000000101000011100010011011
1111000000000101101001010101010001
1111000000000101110010100100101100
1111000000000110000000101100101111
1111000000000110100111010000110100
1111000000000110111100000001010011
1111000000000111011000010001110100
1111000000000111100100001111001000
1111000000001000000011101110101001
1111000000001000011100011101000110
1111000000001000111000101101100001
1111000000001000111001110000010101
1111000000001001000100110001011101
1111000000001001011111000000110010
1111000000001001100011011000001110
1111000000001010001010110100110010
1111000000001010010001000101011101
1111000000001010010110101000001110
1111000000001010101101011000100001
1111000000001011001001001011000110
1111000000001011010010010010101001
1111000000001011100110000110010100
1111000000001100001010001001011101
1111000000001100010001111000110010
1111000000001100101001100100001110
1111000000001100110110000101100001
1111000000001101001001010110001001
1111000000001101010010100101000110
1111000000001101110001001010010001
1111000000001110000000111100010101
1111000000001110000111010011000100
1111000000001110011100100000101001
1111000000001111000100001100110010
1111000000001111100011000001100001
1111000000001111111000010000000110
1111000101000101001110111000000000
1111000110001000100000000011111010
1111001001000011010101110100000000
1111001001001000100000000011111010
1111001100000110011011001100000000
1111001111111011100000000000000000
1111010000100011010101110100000000
1111010000100101001110111000000000
1111010000100110011011001100000000
1111011110110000000000001001100001
1111011110110000000001000100011000
1111011110110000000100000011100000
1111011110110000000100001010000001
1111011110110000010000000000011010
1111011110110000010001000100000010
1111011110110111000000000000000100
1111011110111100100000000000000100
1111011111100000001010110000000000
1111100000011000100000000011111010
1111100011010000000011111100000000
1111100011010000011011001100000000
1111100011110000000000000000101111
1111100011110000000000000001011011
1111100110010001010001110100000000
1111100111110000000011100010000000
1111100111110000001001010010000000
1111100111110000010000001110000000
1111100111110110100100000000000000
1111100111111101000100000000000000
1111101010010000001110111000000000
1111101101110000000000000001110100
1111101110110000001010110000000000
1111110011110000000000000001110100
1111110101110000001010110000000000
1111110110111011100000000000000000
1111111001110011110000000000000000
1111111001111100110000000000000000
1111111001111111000000000000000000
1111111011010000000000111010000000
1111111011010000000111000010000000
1111111011010000001010000110000000
1111111011010000001101000100000000
1111111101100000000000000110001001
1111111101100000000001000000001011
1111111101100000000001000110000010
1111111101100000000110101000000000
1111111101100000001100011000000000
1111111111000000010000000001010100
1111111111000101100000000000100000
1111111111001010000000000001000100
1111111111001010010000000000010000
1111111111010000000000000000001011
