# designs/ccrwest/design_24_10_3
# design: C(24,10,3)=24 - schema: 14 base index on 25, 3 mismatches, 24 blocks
000100101110010111110111
100010010111001011111011
110001001011100101111101
111000100101110010111110
011100010010111001011111
101110001001011100101111
110111000100101110010111
111011100010010111001011
111101110001001011100101
111110111000100101110010
011111011100010010111001
101111101110001001011100
010111110111000100101110
001011111011100010010111
100101111101110001001011
110010111110111000100101
111001011111011100010010
011100101111101110001001
101110010111110111000100
010111001011111011100010
001011100101111101110001
100101110010111110111000
010010111001011111011100
001001011100101111101110
