#from 40_4 and 30_3
000000000111111111111110000000000000000000000000000000000000000000000
000111111000000111111110000000000000000000000000000000000000000000000
011111111111111000000000000000000000000000000000000000000000000000000
100111111111111000000000000000000000000000000000000000000000000000000
111000111000111000011110000000000000000000000000000000000000000000000
111111000111000000011110000000000000000000000000000000000000000000000
111000111111000111100000000000000000000000000000000000000000000000000
111111000000111111100000000000000000000000000000000000000000000000000
000000000000000000000001111111111111000000000000000000000000000000000
000000000000000000000001111111111100011000000000000000000000000000000
000000000000000000000001111111110001111000000000000000000000000000000
000000000000000000000001111111000111111000000000000000000000000000000
000000000000000000000001111100011111111000000000000000000000000000000
000000000000000000000001110001111111111000000000000000000000000000000
000000000000000000000001000111111111111000000000000000000000000000000
000000000000000000000000011111111111111000000000000000000000000000000
000000000000000000000000000000000000000000000001111111000000001111111
000000000000000000000000000000000000000001010111000011001010111000011
000000000000000000000000000000000000000001111110100000001111110100000
000000000000000000000000000000000000000010010100110011010010100110011
000000000000000000000000000000000000000010101001100011010101001100011
000000000000000000000000000000000000000010101010011100010101010011100
000000000000000000000000000000000000000011010101001100011010101001100
000000000000000000000000000000000000000000010110101100100010110101100
000000000000000000000000000000000000000000111101010000100111101010000
000000000000000000000000000000000000000001101000010011101101000010011
000000000000000000000000000000000000000001101000101100101101000101100
000000000000000000000000000000000000000010000010001111110000010001111
000000000000000000000000000000000000000011000011110000111000011110000
