# designs/ccrwest/design_24_10_6
# design: C(24,10,6)=1453 - schema: 14 base index on 25, 6 mismatches, 1453 blocks
000000000111011111111111
000000010110011111111111
000000111111111110000111
000000111111111110001101
000000111111111110001110
000000111111111111000101
000000111111111111000110
000000111111111111001001
000000111111111111001010
000001010010111110111111
000001010010111111110111
000001101111011000111111
000001101111011001110111
000001110111101011011101
000001110111101011011110
000001111001011101111011
000001111101100110111011
000001111101100111110011
000001111111000011011111
000001111111000011101111
000010010010111101111111
000010010101111011011111
000010010101111011101111
000010010111100111111011
000011001111010110110111
000011001111010111111100
000011011111101000110111
000011101010111011011011
000011101010111011101011
000011101010111011111100
000011101011100001111111
000011101100100101111111
000011101111100101001111
000011110101111001111100
000011111010001110110111
000011111011101001001111
000100011001011111011111
000100011001011111101111
000100011110011011111011
000100011111000101111111
000101010010111110111101
000101010010111110111110
000101010010111111110101
000101010010111111110110
000101010010111111111001
000101010010111111111010
000101100001011011111111
000101100110011101011111
000101100110011101101111
000101100111000111111011
000101101111011000111101
000101101111011000111110
000101101111011001110101
000101101111011001110110
000101101111011001111001
000101101111011001111010
000101110001011001111111
000101110111001111001011
000101110111101010010111
000101111000000111111111
000101111101100110111100
000101111101100111110100
000101111101100111111000
000110001011100011111111
000110001100101111110111
000110001101111101011011
000110001101111101101011
000110011010111001111011
000110011100100111011111
000110011100100111101111
000110011100101111001111
000110011101101100110111
000110011101101101111100
000110100111110010110111
000110100111110011111100
000110111000011110111011
000110111000011111110011
000110111000011111111100
000111001111101100110011
000111001111111010001011
000111001111111011000011
000111001111111011001100
000111011110100011111100
000111101000101010111111
000111101000101011110111
000111101001101011111100
000111110001111110110010
000111110011100101011011
000111110011100101101011
000111110100100011111011
000111110101001110001111
000111110101001111000111
000111110101001111001101
000111110101001111001110
000111110101111100110001
000111111010110100001111
000111111010110101000111
000111111010110101001101
000111111010110101001110
001000011011111011111100
001000100101110111111101
001000100101110111111110
001000100110110011111111
001000100111101101111011
001000110101110110110111
001000110111101001111011
001000111110011101011101
001000111110011101011110
001000111110100111111100
001001001101111111011100
001001011000101011111111
001001011001110111011101
001001011001110111011110
001001011110110101011011
001001011110110101101011
001001011111111010110001
001001100001111111001111
001010001111011110011011
001010001111011111010011
001010010110110111101101
001010010110110111101110
001010100001111111001111
001010101001111101101101
001010101001111101101110
001010110011001011111011
001010110011100110011111
001010110011100111010111
001010110100101111011011
001010110100101111101011
001010110101010101011111
001010110101010101101111
001010111100111000011111
001010111100111001010111
001010111111001011101100
001011000111101101111100
001011001010010111111011
001011001010110111001111
001011001011001101011111
001011001011001101101111
001011001101010011111011
001011011010011111001011
001011011100001001111111
001011011101111110100010
001011011111100000111101
001011011111100000111110
001011011111100001110101
001011011111100001110110
001011011111100001111001
001011011111100001111010
001011011111111001001100
001011100001011110111101
001011100001011110111110
001011100001011111110101
001011100001011111110110
001011100001011111111001
001011100001011111111010
001011101000101111111100
001011101110000110101111
001011101110000111100111
001011110011111000101011
001011110011111001100011
001011111110111110100000
001100011011111010110011
001100100011110111001111
001100100110101111111100
001100101110100110110111
001100110111010101111100
001100111000101101011111
001100111000101101101111
001100111001110011011011
001100111001110011101011
001100111110011100010111
001101000001110101111111
001101000110110001111111
001101000111101011011011
001101000111101011101011
001101001001110110011111
001101001001110111010111
001101001011011111011100
001101010000101111111011
001101010110111001001111
001101011011001100101111
001101011011001101100111
001101011011001101101101
001101011011001101101110
001101100000101111111011
001101100111111110100001
001101100111111110100010
001101101101010100110111
001101101101010101111100
001101101111000111001011
001101110111011100110010
001101110111111010010010
001101111100110010101011
001101111100110011100011
001101111100110011101100
001110001111011110011100
001110001111011111010100
001110001111011111011000
001110010110110110100111
001110101001111100100111
001110101010010101111011
001110101011110110010011
001110101100001011011111
001110101100001011101111
001110101101010001111011
001110110011100110011101
001110110011100110011110
001110110011100111010101
001110110011100111010110
001110110011100111011001
001110110011100111011010
001110110110101110110010
001110110111010100110011
001110111100101110110001
001110111100111000011101
001110111100111000011110
001110111100111001010101
001110111100111001010110
001110111100111001011001
001110111100111001011010
001110111101011001001011
001110111111001010100011
001111000110101100011111
001111000110101101010111
001111000110111101011100
001111001110101101011100
001111010010010011011111
001111010010010011101111
001111010100001101111011
001111010100011010110111
001111010100011011111100
001111010100111110110001
001111011011010010010111
001111011101111110000001
001111011111110000110010
001111101011010011011100
001111101100111100010011
001111101101110001001011
001111101110000110101101
001111101110000110101110
001111101110000111100101
001111101110000111100110
001111101110000111101001
001111101110000111101010
001111110011111000101100
001111110011111001100100
001111110011111001101000
001111110111001110010001
001111111011100110100001
010000001001111011111111
010000001110101111011111
010000001110101111101111
010000001111110101111011
010000011001101011111111
010000011111111101001011
010001001101101111101101
010001001101101111101110
010001101101110010110111
010001110000110111011111
010001110000110111101111
010001110010111111101100
010001110110101001111011
010001111111010001101101
010001111111010001101110
010010010111111010110011
010010010111111010111100
010010010111111011110100
010010010111111011111000
010010011011010111011011
010010011011010111101011
010010011100110011111011
010010011101001001111111
010010101100111111101100
010010101101101100111101
010010101101101100111110
010010101101101101110101
010010101101101101110110
010010101101101101111001
010010101101101101111010
010010111010010110111101
010010111010010110111110
010010111010010111110101
010010111010010111110110
010010111010010111111001
010010111010010111111010
010011000111110100101111
010011000111110101100111
010011010101001110011111
010011010101001111010111
010011011010001111111100
010011011010111001011101
010011011010111001011110
010011100011010001111111
010011100100010101111111
010011100101001111011011
010011100101001111101011
010011100111010111011100
010011101001111101011100
010011101010111100011011
010011101010111101010011
010011101101000111111100
010011110010001011111011
010011110100011101001111
010011111000101010101111
010011111000101011100111
010011111011100110110010
010011111111011110100000
010011111111110010010010
010100001111110111001011
010100001111110111011100
010100010001101111111011
010100010111110001011111
010100010111110001101111
010100011000110101111111
010100011111110110010011
010100101111111110010010
010100110101001100111111
010100110101001101110111
010100110101001101111101
010100110101001101111110
010100111010110010110111
010100111010110011111100
010101001101101110100111
010101011101011000111011
010101011101011001110011
010101011101011001111100
010101100010100111111101
010101100010100111111110
010101100010110110110111
010101101000110011111011
010101101001101001011111
010101101001101001101111
010101101010110011001111
010101110010111110100011
010101111000011100011111
010101111000011101010111
010101111000011101011101
010101111000011101011110
010101111000111011001011
010101111010101110110001
010101111111010000100111
010110000011011011011111
010110000011011011101111
010110000100010111111111
010110000111001101111011
010110001010011110101111
010110001010011111100111
010110001010011111101101
010110001010011111101110
010110001010111001111011
010110010001010011111111
010110010011011011001111
010110010101001101111011
010110010110101011011011
010110010110101011101011
010110011010001101011111
010110011010001101101111
010110110010101100011111
010110110010101101010111
010110110010101101011101
010110110010101101011110
010110110111101000100111
010110110111101001101100
010110111101010010010111
010110111101010011011100
010110111101100100101011
010110111101100101100011
010110111101100101101100
010110111111110010010001
010111000111110100101101
010111000111110100101110
010111000111110101100101
010111000111110101100110
010111000111110101101001
010111000111110101101010
010111001000110111111100
010111001011111110110000
010111010101001110011101
010111010101001110011110
010111010101001111010101
010111010101001111010110
010111010101001111011001
010111010101001111011010
010111011000100110110111
010111011010111000010111
010111011010111010110010
010111011110100010110011
010111100010001011111011
010111100100010111001111
010111100101000110110111
010111100101100111011100
010111100101101110010011
010111100111000110011011
010111100111000111010011
010111101010111100011100
010111101010111101010100
010111101010111101011000
010111110000001010111111
010111110000001011110111
010111110000001011111101
010111110000001011111110
010111111000101010101101
010111111000101010101110
010111111000101011100101
010111111000101011100110
010111111000101011101001
010111111000101011101010
010111111100010001011011
010111111100010001101011
010111111110111100010000
011000010101011101111101
011000010101011101111110
011000011110101110101011
011000011110101111100011
011000100100111110110111
011000100101110111001111
011000101000111101111011
011000101001000111111111
011000101011110010101111
011000101011110011100111
011000101110000011111111
011000101111011001011011
011000101111011001101011
011000110001111110010111
011000110101011100101111
011000110101011101100111
011000111000011101111011
011000111110001011001111
011000111111011100110001
011001000101101011111011
011001001100111010111101
011001001100111010111110
011001001100111011110101
011001001100111011110110
011001001100111011111001
011001001100111011111010
011001010001011011011111
011001010001011011101111
011001010111000101111011
011001011001110001111011
011001011110010100011111
011001011110010101010111
011001100101011101111100
011001100111101010011011
011001100111101011010011
011001101001111111001100
011001110001101101011011
011001110001101101101011
011001110111110110110000
011001111011001100110011
011001111011001100111100
011001111011001101110100
011001111011001101111000
011001111100101110110010
011010001001011110110111
011010001101110101111100
011010010011101111011100
011010011001110100111011
011010011001110101110011
011010101011011001111100
011010101101110011011100
011010110110001010110111
011010110110100011111100
011010111001111100110010
011010111010100001011111
011010111010100001101111
011011000010100111111011
011011000011110001111101
011011000011110001111110
011011000100111001011111
011011000100111001101111
011011000111100011001111
011011001011101110110001
011011001110010111001011
011011010101100011011011
011011010101100011101011
011011010101101011001011
011011011011011010000111
011011011011011010001101
011011011011011010001110
011011011011011011000101
011011011011011011000110
011011011011011011001001
011011011011011011001010
011011011110100010100111
011011100011110000110111
011011100100011011101101
011011100100011011101110
011011100101001111011100
011011101001101001111100
011011101100110101011100
011011101101110110000011
011011101101110110001100
011011101101110111000100
011011101101110111001000
011011101101111110010000
011011110100010010111011
011011110100010011110011
011011110110101100000111
011011110110101100001101
011011110110101100001110
011011110110101101000101
011011110110101101000110
011011110110101101001001
011011110110101101001010
011011111011100101001100
011100000101011101111101
011100000101011101111110
011100000111011100110111
011100010100101111111100
011100010101111110110010
011100011110101110101100
011100011110101111100100
011100011110101111101000
011100101011110010101101
011100101011110010101110
011100101011110011100101
011100101011110011100110
011100101011110011101001
011100101011110011101010
011100110000011001111111
011100110001011101111100
011100110001101010011111
011100110001101011010111
011100110001101011011101
011100110001101011011110
011100110101011100101101
011100110101011100101110
011100110101011101100101
011100110101011101100110
011100110101011101101001
011100110101011101101010
011100110110000111011011
011100110110000111101011
011100111011010000110111
011100111011010001111100
011101000110110101001111
011101001000011111011011
011101001000011111101011
011101001001001101011111
011101001110000001111111
011101001110110110110001
011101010111100010001111
011101010111100011000111
011101010111100011001101
011101010111100011001110
011101011001000101011111
011101011001000101101111
011101011001001101001111
011101011110010100011101
011101011110010100011110
011101011110010101010101
011101011110010101010110
011101011110010101011001
011101011110010101011010
011101100111101010011100
011101100111101011010100
011101100111101011011000
011101101001111110010001
011101101011000100110111
011101101011000101111100
011101101110011100001011
011101101110011101000011
011101101110011101001100
011101110001000011111011
011101110011010100110011
011101110110001000011111
011101110110001001010111
011101110110001001011101
011101110110001001011110
011101111001111110000010
011110001111000010110111
011110001111000011111100
011110010011001110010111
011110011001110100111100
011110011001110101110100
011110011001110101111000
011110011011111100100001
011110011100111000001111
011110011100111001000111
011110011100111001001101
011110011100111001001110
011110100010100101111011
011110100010101101001111
011110100011101110001011
011110100011101111000011
011110100011101111001100
011110100101100001111011
011110100110001011111100
011110100110111110110000
011110100111100101001011
011110101010101101001011
011110101100110110110010
011110101101111010010010
011110101110010011001101
011110101110110000011011
011110101110110001010011
011110101110110001011100
011110110011000111011100
011110111100110100110001
011110111111001010110000
011110111111010110000010
011111000001111000110111
011111000110101100011011
011111000110101101010011
011111001001010101001111
011111001011101110010010
011111001101000111001101
011111001101011110010001
011111010001010110101011
011111010001010111100011
011111010001010111101100
011111010011001001011011
011111010011001001101011
011111011001100000110111
011111011001100001111100
011111011100001110110010
011111100010100111001011
011111100100011010100111
011111101011011010010010
011111101111101000100001
011111101111101000100010
011111110001101010110001
011111110100010010111100
011111110100010011110100
011111110100010011111000
011111110100100100010111
011111110100100101011100
011111111010010010110001
100000110011011011011111
100000110011011011101111
100000110100001111111111
100000110111010101111011
100001001010010111111111
100001001101011111001111
100001001111001101111011
100001010011001111111101
100001010011001111111110
100001011011001101111011
100001011101010011101111
100001100110110111111100
100001111100100101111011
100001111101110001111100
100001111110011001011011
100001111110011001101011
100010000110111111011101
100010000110111111011110
100010001100110110111111
100010001100110111110111
100010100001110111111011
100010100111101001011111
100010100111101001101111
100010100111110110010111
100010100111111011001011
100010110000101101111111
100010110110110011011011
100010110110110011101011
100010110111001100111011
100010110111001101110011
100010111011100101011101
100010111011100101011110
100010111011111010110001
100010111101011011011100
100010111111011100110010
100011000101111011111100
100011000111110101111100
100011011001110001011111
100011011001110001101111
100011011100101011011011
100011011100101011101011
100011011110011100100111
100011011110011100101101
100011011110011100101110
100011011110011101100101
100011011110011101100110
100011011110011101101001
100011011110011101101010
100011011110101010011011
100011011110101011010011
100011100110110111001011
100011101011101110100011
100011101011101110101100
100011101011101111100100
100011101011101111101000
100011110101110010100111
100011110101110010101101
100011110101110010101110
100011110101110011100101
100011110101110011100110
100011110101110011101001
100011110101110011101010
100011111000101011111100
100011111001010100011111
100011111001010101010111
100100010001111110101111
100100010001111111100111
100100010001111111101101
100100010001111111101110
100100100010011101111111
100100101011001111011011
100100101011001111101011
100100101101010001111111
100100101111010101001111
100100101111010110101011
100100101111010111100011
100100101111010111101100
100100111010010101011111
100100111010010101101111
100100111010011101001111
100100111100001011111011
100100111110101000101111
100100111110101001100111
100100111110101001101101
100100111110101001101110
100101000011001110111111
100101000011001111110111
100101000011101111111100
100101001101011011001111
100101010011001001111111
100101010011111001111100
100101010011111010110011
100101010101010111011011
100101010101010111101011
100101010111110000110111
100101011011110100010111
100101011011110101011100
100101011100001101011111
100101011100001101101111
100101100011001111111100
100101101100001011111011
100101101100001111011101
100101101100001111011110
100101101100011110010111
100101101101110000110111
100101110010010011111011
100101111101111100010010
100101111110110110110000
100110000110111110010111
100110001100110110111101
100110001100110110111110
100110001100110111110101
100110001100110111110110
100110001100110111111001
100110001100110111111010
100110011101011010011011
100110011101011011010011
100110011101011011011100
100110100110110011001111
100110101011100100011111
100110101011100101010111
100110101011100101011101
100110101011100101011110
100110110011111010110010
100110110111001100111100
100110110111001101110100
100110110111001101111000
100110111000101001111011
100111000000101111011111
100111000000101111101111
100111000001110101111011
100111000110110001111011
100111001010110101001111
100111010001111101001011
100111011110101010011100
100111011110101011010100
100111011110101011011000
100111011111100110100001
100111011111100110100010
100111100100111100101011
100111100100111101100011
100111100100111101101100
100111100111111110010000
100111101001010111001011
100111110011110000011011
100111110011110001010011
100111110011110001011100
100111110110000010110111
100111110110000011111100
100111111001010100011101
100111111001010100011110
100111111001010101010101
100111111001010101010110
100111111001010101011001
100111111001010101011010
100111111011011010100001
100111111011011010100010
101000001011111100111101
101000001011111100111110
101000001011111101110101
101000001011111101110110
101000001011111101111001
101000001011111101111010
101000010011100111011111
101000010011100111101111
101000010101111001111011
101000101001110111001111
101000110010111101011011
101000110010111101101011
101000110100101110111101
101000110100101110111110
101000110100101111110101
101000110100101111110110
101000110100101111111001
101000110100101111111010
101000111111010010110011
101000111111010010111100
101000111111010011110100
101000111111010011111000
101000111111100100100111
101001001010111011101101
101001001010111011101110
101001001111010011001111
101001011000111100110111
101001011001001010111111
101001011001001011110111
101001011011110110001011
101001011011110111000011
101001100110110100111011
101001100110110101110011
101001101011100001111011
101001101100111101001011
101001101101010011001111
101001101101101100001111
101001101101101101000111
101001101110101101001011
101001101110101110010011
101001101111000011111100
101001110110011010001111
101001110110011011000111
101001110111100101101100
101001111101011110100100
101001111111001110010010
101010000001011011111111
101010000110011111011011
101010000110011111101011
101010000111000101111111
101010000111101010101111
101010000111101011100111
101010001101001111111100
101010010001011011111011
101010010100100011111111
101010010111001101001111
101010011110110000110111
101010100000101101111111
101010100011011011111100
101010110010010001111111
101010110010111001111100
101010110110011001111100
101010111000011110101011
101010111000011111100011
101010111110111000000111
101011001100001001111111
101011001111001001011101
101011001111001001011110
101011010101111100010011
101011010101111100011100
101011010101111101010100
101011010101111101011000
101011010110111100110001
101011010111010110110010
101011011100101111001100
101011100010011101111100
101011100011010111001101
101011100011010111001110
101011101010110010011101
101011101010110010011110
101011101010110011010101
101011101010110011010110
101011101010110011011001
101011101010110011011010
101011101101101100110010
101011101101111010110000
101011110000110111011100
101011110010101100100111
101011111000000111011011
101011111000000111101011
101011111011110110010000
101011111100000101111100
101011111111001100010001
101100001010111001011111
101100001010111001101111
101100001011100011111011
101100001100100111111011
101100011000111101111100
101100011010001111111100
101100011010011110110011
101100011011100110010111
101100011011100111011100
101100011011101011001011
101100011111101110010010
101100100101111001011101
101100100101111001011110
101100100101111010010111
101100101010010111001111
101100110101010100111011
101100110101010101110011
101100110101010101111100
101100110111001000110111
101100111001011110110001
101101001001110111011100
101101001001111110110010
101101001010111010100111
101101010011110000011111
101101010011110001010111
101101010011110011011100
101101011001001010111101
101101011001001010111110
101101011001001011110101
101101011001001011110110
101101011001001011111001
101101011001001011111010
101101011010001110110011
101101011010010110010111
101101011010010111011100
101101011011110110001100
101101011011110111000100
101101011011110111001000
101101011011111000110001
101101100110110100111100
101101100110110101110100
101101100110110101111000
101101101101101100001101
101101101101101100001110
101101101101101101000101
101101101101101101000110
101101101101101101001001
101101101101101101001010
101101101111100010110001
101101110100100001011111
101101110100100001101111
101101110110011010001101
101101110110011010001110
101101110110011011000101
101101110110011011000110
101101110110011011001001
101101110110011011001010
101101110110111010010001
101101110111100100100011
101101111100000100110111
101110000111101010101101
101110000111101010101110
101110000111101011100101
101110000111101011100110
101110000111101011101001
101110000111101011101010
101110001011110011001011
101110001100100111001111
101110010111010110110001
101110010111011100001011
101110010111011101000011
101110010111011101001100
101110011000000101111111
101110011110000110110011
101110011110010001111100
101110011111000001011011
101110011111000001101011
101110100010011110110011
101110100010111000110111
101110101010011000111011
101110101010011001110011
101110101010011001111100
101110101101001110110010
101110101110111110000001
101110101110111110000010
101110111000011110101100
101110111000011111100100
101110111000011111101000
101110111001100010001111
101110111001100011000111
101110111001100011001101
101110111001100011001110
101110111010000110011011
101110111010000111010011
101110111010000111011100
101110111111110100100000
101111000101000111111100
101111000101100110110011
101111000110101101011100
101111000111000101001111
101111001101010000101111
101111001101010001100111
101111001101010001101101
101111001101010001101110
101111001110011110110000
101111001111001000010111
101111011100101110000011
101111100000000011111111
101111100001011001011011
101111100001011001101011
101111100001100011001111
101111100010001100110111
101111100010101011101100
101111100011010110000111
101111100011011010110001
101111100100011001111100
101111101101110100110000
101111110000001011001111
101111110000110110010011
101111110001001001111100
101111110001101000110011
101111111000101010110010
101111111010101100110000
110000001110111011111100
110000001111101001111101
110000001111101001111110
110000011111011110110001
110000100001111110111011
110000100001111111110011
110000101011011010110111
110000101011011011111100
110000110001110111111100
110000111010110001111011
110000111101100101011011
110000111101100101101011
110000111110100000111111
110000111110100001110111
110001000010100111111111
110001000011111101011011
110001000011111101101011
110001000101100011111111
110001001100111001111011
110001001101110011001111
110001001110001111111100
110001001111100110011101
110001001111100110011110
110001001111100111010101
110001001111100111010110
110001001111100111011001
110001001111100111011010
110001010010101111001111
110001010100111001111011
110001010110111101101100
110001011101111000101011
110001011101111001100011
110001100111101000110111
110001101110111110100010
110001110011000110101111
110001110011000111100111
110001110011111000011101
110001110011111000011110
110001110011111001010101
110001110011111001010110
110001110011111001011001
110001110011111001011010
110001111100011110010011
110001111100011110011100
110001111100011111010100
110001111100011111011000
110010000011110111111100
110010001110101101111100
110010001110111110110001
110010011011101100001111
110010011011101101000111
110010011011110011101100
110010011101011011011100
110010100111001101101101
110010100111001101101110
110010101000011101011111
110010101000011101101111
110010101001000111111011
110010101011000111001111
110010101101011010001111
110010101101011011000111
110010101110000011111011
110010110101101110110001
110010110110110110001011
110010110110110111000011
110010111001001111001011
110011001011010010111011
110011001011010011110011
110011010000011011111011
110011010100110101111100
110011010110000101011111
110011010110000101101111
110011010111111110000001
110011010111111110000010
110011011001111110110000
110011100110001010111101
110011100110001010111110
110011100110001011110101
110011100110001011110110
110011100110001011111001
110011100110001011111010
110011101100100110010111
110011101110100011001101
110011101110100011001110
110011110001011100010111
110011110100011000110111
110011110101000111011100
110011111001011101001100
110011111111010100110000
110100001110101100110111
110100001110111000111011
110100001110111001110011
110100001111101010110011
110100011111011100110010
110100100001111110111100
110100100001111111110100
110100100001111111111000
110100100010100101111111
110100100100111011011011
110100100100111011101011
110100100101100001111111
110100101101100011001111
110100110001010110110111
110100110011001011111100
110100110100011010011111
110100110100011011010111
110100110100011011011101
110100110100011011011110
110100110101101001001111
110100111011101100010011
110100111011101101001100
110100111110100000111101
110100111110100000111110
110100111110100001110101
110100111110100001110110
110100111110100001111001
110100111110100001111010
110101000011100111001111
110101010111110001011100
110101010111110010010011
110101011010100011011011
110101011010100011101011
110101011100010110001111
110101011100010111000111
110101011100010111001101
110101011100010111001110
110101011101111000101100
110101011101111001100100
110101011101111001101000
110101100011111000001111
110101100011111001000111
110101100011111001001101
110101100011111001001110
110101101100110001111100
110101101110111100100001
110101110011000110101101
110101110011000110101110
110101110011000111100101
110101110011000111100110
110101110011000111101001
110101110011000111101010
110101110011001110110010
110101110100001110010111
110101110110011100110001
110101111000101001111100
110101111001000010110111
110101111011110000110010
110101111101111010100000
110101111111001110000001
110110010111000100110111
110110010111000101111100
110110011011101100001101
110110011011101100001110
110110011011101101000101
110110011011101101000110
110110011011101101001001
110110011011101101001010
110110011011110010100011
110110100111001100100111
110110101100101110110010
110110101101011010001101
110110101101011010001110
110110101101011011000101
110110101101011011000110
110110101101011011001001
110110101101011011001010
110110110001000011011111
110110110001000011101111
110110110010011001011011
110110110010011001101011
110110110110110110001100
110110110110110111000100
110110110110110111001000
110110110111100010110010
110110111001001000011111
110110111001001001010111
110110111001001001011101
110110111001001001011110
110110111100001100100111
110110111100001101101100
110110111111101100100000
110111000001011101011101
110111000001011101011110
110111000101111010110010
110111001001000101111011
110111001001011100010111
110111001011010010111100
110111001011010011110100
110111001011010011111000
110111001110000001111011
110111001110011001001011
110111001111000011001110
110111001111100001001011
110111010000110100110111
110111010011111100010001
110111010110001010101011
110111010110001011100011
110111010110001011101100
110111010111110000110001
110111011000100010111011
110111011000100011110011
110111011000100011111100
110111011011011010010010
110111011111101010010000
110111100001110101001110
110111100110010001111100
110111101001110110100001
110111101101001110010001
110111101110001001001011
110111101110010100110010
110111101110100010000111
110111101110101000110001
110111110100111100110000
110111110101010110010010
110111111001011100000011
111000001111110101001101
111000001111110101001110
111000010101110010011111
111000010101110011010111
111000011010001101111011
111000011100010011011111
111000011100010011101111
111000101010001110011111
111000101010001111010111
111000110101111011001100
111000111010001111001101
111000111010001111001110
111000111111111100010000
111001000111011110100011
111001000111011110101100
111001000111011111100100
111001000111011111101000
111001001110101001111100
111001001111110000010111
111001010110010011011101
111001010110010011011110
111001010111101100110010
111001011101001001011011
111001011101001001101011
111001011101100101011100
111001100010001011011111
111001100010001011101111
111001100011100101111100
111001100011110101001011
111001100100010101111011
111001100110011011011100
111001101011011001001011
111001101100100101001111
111001101101010110110001
111001110010011011011100
111001110011010001001111
111001110011010011001011
111001111000110100100111
111001111000110100101101
111001111000110100101110
111001111000110101100101
111001111000110101100110
111001111000110101101001
111001111000110101101010
111001111001000011111100
111001111010111010110000
111001111111101010100000
111010001000010111111101
111010001000010111111110
111010001000110001111111
111010001001101011011011
111010001001101011101011
111010001011001111011100
111010010010011000111111
111010010010011001110111
111010011000111001001111
111010011101000110100111
111010011101000110101101
111010011101000110101110
111010011101000111100101
111010011101000111100110
111010011101000111101001
111010011101000111101010
111010011110111110010000
111010100111010100011101
111010100111010100011110
111010100111010101010101
111010100111010101010110
111010100111010101011001
111010100111010101011010
111010101010010110010111
111010101110100011001011
111010101110111000100011
111010101110111000101100
111010101110111001100100
111010101110111001101000
111010101111100110110000
111010110011111110100000
111010110110111000110010
111010111001101010010011
111010111001101010011100
111010111001101011010100
111010111001101011011000
111010111100110001011100
111011000000111110001111
111011000000111111000111
111011000101111110110000
111011001100001100111011
111011001100001101110011
111011001111001110000011
111011010001000001111111
111011010001101001101101
111011010001101001101110
111011010010100110110011
111011010010100110111100
111011010010100111110100
111011010010100111111000
111011011010000101111100
111011011101110010110000
111011100001100000111111
111011100001100001110111
111011100011010001101011
111011101011011100100001
111011101011011100100010
111011110011011010010001
111011110100101110100001
111011111101011000110000
111011111110010110100000
111011111111000000001011
111011111111000001000011
111100000011010011111011
111100000100010111111011
111100000101001101011111
111100000101001101101111
111100000101011100110111
111100001111110100000111
111100010010001001111111
111100010100011111001011
111100010100101110110011
111100010101110010011101
111100010101110010011110
111100010101110011010101
111100010101110011010110
111100010101110011011001
111100010101110011011010
111100011110000110011011
111100011110000111010011
111100011110000111011100
111100011111011010100001
111100011111011010100010
111100100000111101111100
111100100011101110110001
111100100100100110101111
111100100100100111100111
111100100100100111101101
111100100100100111101110
111100101010001110011101
111100101010001110011110
111100101010001111010101
111100101010001111010110
111100101010001111011001
111100101010001111011010
111100110000101100110111
111100110101111000010011
111100110101111010000011
111100111010001110000111
111100111011100110100010
111100111011110100100001
111100111110011110010000
111101000110010010011111
111101000110010011010111
111101000110010011011101
111101000110010011011110
111101001111110110010000
111101010101101100110001
111101010110111100100010
111101011000101000110111
111101011101100100010011
111101100111010001001011
111101101000111100110001
111101101001001010101011
111101101001001011100011
111101101001001011101100
111101101001010110110010
111101101100100101001011
111101101110101000110010
111101110010011010010011
111101110010100110110001
111110000010001001111111
111110000011110110110010
111110000101010111001011
111110001000010110110111
111110001000101011011101
111110001000101011011110
111110001001101010010111
111110001101111110100000
111110001110101000110011
111110010000110101011011
111110010000110101101011
111110010010011000111101
111110010010011000111110
111110010010011001110101
111110010010011001110110
111110010010011001111001
111110010010011001111010
111110011010101110010001
111110100010111100110010
111110100101110000010111
111110100111011000110001
111110101000101010010111
111110101000110001001111
111110101100110000110011
111110110010010000101111
111110110010010001100111
111110110010010001101101
111110110010010001101110
111110110011011110010000
111110111100110010010001
111111000000111110001101
111111000000111110001110
111111000000111111000101
111111000000111111000110
111111000000111111001001
111111000000111111001010
111111001010100100101011
111111001010100101100011
111111001010100101101100
111111001100001100111100
111111001100001101110100
111111001100001101111000
111111001110000001001111
111111001111111000010000
111111010001101000100111
111111011001111100000010
111111011011000100110001
111111011110110010100000
111111100001100000111101
111111100001100000111110
111111100001100001110101
111111100001100001110110
111111100001100001111001
111111100001100001111010
111111100101010110010010
111111100110101010010010
111111100111110010100000
111111110010010010110010
111111110101001110100000
111111110101110100000001
111111110111000100010010
111111111010111010000000
111111111100000110010001
111111111100100110000010
111111111111000000001100
111111111111000001000100
111111111111000001001000
