# 12 base index on 19, 3 mismatches 
000111011111101110
011011101110111001
011101110001011111
011110111101110100
100001111011110111
100110110110111011
100111101101011101
111010011101011110
111011100010101111
111100101011101101
111101011010111010
111111000111110100
111111111100000011
001001011110111011
001010100101111111
001111111010010101
010011101011011110
010100111110111100
010111110101110010
011001001111100111
011110011011001011
011111010100101101
101011111111001000
101100010111011101
101101101100101110
101110110011100110
101111001001110011
110010111000101111
110011010011111001
110101011101100101
110101100111001011
110110001110010111
111000111101110001
111001110110010110
111110101001111000
