# 14 base index on 34, 4 mismatches
000100110110100111100101010100000
000101100101101010011000101110000
001000000100101101110111001110000
001101110001000111001111100000000
001110001011100100011000011110000
010000100111010111100010101010000
010101010010111101011010000100000
011000100011111010010101100100000
011101010110010000101101001010000
100010101100101011010010110100000
100010111000001011110101001010000
100110001111000001101111010000000
101011111110000110100000110000000
110011001101101100100101000100000
110110101000000110000101111010000
111011011001010001000010011010000
000000000010011101011101111010000
001001000111110000101010110100000
001100110010011010010010011010000
010001100100001010111111010000000
010100010001100000000111111110000
011001100000100111001000011110000
011100010101001101110000110000000
100010111001110110001010000100000
100111001100010100110010001010000
101111001000110001000101100100000
110010001110100001101000001110000
110111101011001011010000000000000
111010011010000100010111100000000
