# 12 and 14 base index on 40, 10 mismatches (12 base index on 17, 4 mismatches and 14 base index on 22, 5 mismatches)
00011111111111100000000000000000000000
00101011111111110000000000000000000000
00110111111111010000000000000000000000
00111101111011110000000000000000000000
00111110111110110000000000000000000000
00111111011101110000000000000000000000
00111111100111110000000000000000000000
01000111111111110000000000000000000000
01011011111110110000000000000000000000
01011101110111110000000000000000000000
01011110011111110000000000000000000000
01011111101011110000000000000000000000
01011111111101010000000000000000000000
01101011111111010000000000000000000000
01101011111111100000000000000000000000
01101101111101110000000000000000000000
01101110101111110000000000000000000000
01101111011011110000000000000000000000
01101111110110110000000000000000000000
01110011111110110000000000000000000000
01110101101111110000000000000000000000
01110110111101110000000000000000000000
01110111011110110000000000000000000000
01110111110011110000000000000000000000
01110111111110100000000000000000000000
01111001111110110000000000000000000000
01111010111011110000000000000000000000
01111011001111110000000000000000000000
01111011110101110000000000000000000000
01111100111111100000000000000000000000
01111101011111010000000000000000000000
01111110110111010000000000000000000000
01111111010111100000000000000000000000
01111111101101100000000000000000000000
01111111101110010000000000000000000000
01111111111000110000000000000000000000
01111111111011000000000000000000000000
10001111111111010000000000000000000000
10010011111111110000000000000000000000
10011101111101110000000000000000000000
10011110101111110000000000000000000000
10011111011011110000000000000000000000
10011111110110110000000000000000000000
10100111111111100000000000000000000000
10101101101111110000000000000000000000
10101110111101110000000000000000000000
10101111011110110000000000000000000000
10101111110011110000000000000000000000
10110101111110110000000000000000000000
10110110111011110000000000000000000000
10110111001111110000000000000000000000
10110111110101110000000000000000000000
10111000111111110000000000000000000000
10111011010111110000000000000000000000
10111011101101110000000000000000000000
10111011111011010000000000000000000000
10111011111110100000000000000000000000
10111101011111100000000000000000000000
10111101110111010000000000000000000000
10111110011111010000000000000000000000
10111110110111100000000000000000000000
10111111101010110000000000000000000000
10111111101111000000000000000000000000
10111111111001100000000000000000000000
10111111111100010000000000000000000000
11001011111110110000000000000000000000
11001101111110110000000000000000000000
11001110111011110000000000000000000000
11001111001111110000000000000000000000
11001111110101110000000000000000000000
11001111111110100000000000000000000000
11010011111111010000000000000000000000
11010011111111100000000000000000000000
11010100111111110000000000000000000000
11010111010111110000000000000000000000
11010111101101110000000000000000000000
11010111111010110000000000000000000000
11011001011111110000000000000000000000
11011010110111110000000000000000000000
11011011101110110000000000000000000000
11011011111001110000000000000000000000
11011101101111100000000000000000000000
11011101111011010000000000000000000000
11011110111101100000000000000000000000
11011110111110010000000000000000000000
11011111011100110000000000000000000000
11011111011111000000000000000000000000
11011111100111010000000000000000000000
11011111110011100000000000000000000000
11100011111110110000000000000000000000
11100101011111110000000000000000000000
11100110110111110000000000000000000000
11100111101111010000000000000000000000
11100111111001110000000000000000000000
11101001111011110000000000000000000000
11101010111110110000000000000000000000
11101011011101110000000000000000000000
11101011100111110000000000000000000000
11101100111111010000000000000000000000
11101101110111100000000000000000000000
11101110011111100000000000000000000000
11101111010111010000000000000000000000
11101111101011100000000000000000000000
11101111101100110000000000000000000000
11101111111010010000000000000000000000
11101111111101000000000000000000000000
11110001110111110000000000000000000000
11110010011111110000000000000000000000
11110011101011110000000000000000000000
11110011111100110000000000000000000000
11110101111011100000000000000000000000
11110101111101010000000000000000000000
11110110101110110000000000000000000000
11110110111111000000000000000000000000
11110111011011010000000000000000000000
11110111011101100000000000000000000000
11110111100111100000000000000000000000
11110111110110010000000000000000000000
11111001101111010000000000000000000000
11111001111101100000000000000000000000
11111010101111100000000000000000000000
11111010111101010000000000000000000000
11111011011011100000000000000000000000
11111011011110010000000000000000000000
11111011110010110000000000000000000000
11111011110111000000000000000000000000
11111100001111110000000000000000000000
11111100110011110000000000000000000000
11111100111100110000000000000000000000
11111101010101110000000000000000000000
11111101011010110000000000000000000000
11111101100110110000000000000000000000
11111101101001110000000000000000000000
11111101111110000000000000000000000000
11111110010110110000000000000000000000
11111110011001110000000000000000000000
11111110100101110000000000000000000000
11111110101011010000000000000000000000
11111110111010100000000000000000000000
11111111000011110000000000000000000000
11111111001101010000000000000000000000
11111111001110100000000000000000000000
11111111110001010000000000000000000000
11111111110100100000000000000000000000
00000111111111110000000000000000000000
00011011111111010000000000000000000000
00011101101111110000000000000000000000
00011110111101110000000000000000000000
00011111011110110000000000000000000000
00011111110011110000000000000000000000
00101101111111010000000000000000000000
00101110111011110000000000000000000000
00101111001111110000000000000000000000
00101111110101110000000000000000000000
00101111111110100000000000000000000000
00110011111111100000000000000000000000
00110100111111110000000000000000000000
00110111010111110000000000000000000000
00110111101101110000000000000000000000
00110111111010110000000000000000000000
00111001011111110000000000000000000000
00111010110111110000000000000000000000
00111011101110110000000000000000000000
00111011111001110000000000000000000000
00111101110111100000000000000000000000
00111101111100110000000000000000000000
00111110011111100000000000000000000000
00111110101111010000000000000000000000
00111111011011010000000000000000000000
00111111101011100000000000000000000000
00111111110110010000000000000000000000
00111111111101000000000000000000000000
01000011111111110000000000000000000000
01000111111111010000000000000000000000
01000111111111100000000000000000000000
01001100111111110000000000000000000000
01001111010111110000000000000000000000
01001111101101110000000000000000000000
01001111111010110000000000000000000000
01010101011111110000000000000000000000
01010110110111110000000000000000000000
01010111101110110000000000000000000000
01010111111001110000000000000000000000
01011001111011110000000000000000000000
01011010111110110000000000000000000000
01011011011101110000000000000000000000
01011011100111110000000000000000000000
01011011111110100000000000000000000000
01011101111101100000000000000000000000
01011101111110010000000000000000000000
01011110101111100000000000000000000000
01011110111011010000000000000000000000
01011111001111010000000000000000000000
01011111011011100000000000000000000000
01011111110100110000000000000000000000
01011111110111000000000000000000000000
01100101111011110000000000000000000000
01100110111110110000000000000000000000
01100111011101110000000000000000000000
01100111100111110000000000000000000000
01101001110111110000000000000000000000
01101010011111110000000000000000000000
01101011101011110000000000000000000000
01101011111100110000000000000000000000
01101101011111100000000000000000000000
01101101101110110000000000000000000000
01101110110111100000000000000000000000
01101110111101010000000000000000000000
01101111011110010000000000000000000000
01101111101111000000000000000000000000
01101111110011010000000000000000000000
01101111111001100000000000000000000000
01110001111101110000000000000000000000
01110010101111110000000000000000000000
01110011011011110000000000000000000000
01110011110111010000000000000000000000
01110101110110110000000000000000000000
01110101111111000000000000000000000000
01110110011111010000000000000000000000
01110110111011100000000000000000000000
01110111001111100000000000000000000000
01110111101011010000000000000000000000
01110111110101100000000000000000000000
01110111111100010000000000000000000000
01111000111111010000000000000000000000
01111001101111100000000000000000000000
01111010111101100000000000000000000000
01111011010110110000000000000000000000
01111011011111000000000000000000000000
01111011101101010000000000000000000000
01111011110011100000000000000000000000
01111011111010010000000000000000000000
01111100011110110000000000000000000000
01111100101011110000000000000000000000
01111100110101110000000000000000000000
01111101001101110000000000000000000000
01111101010011110000000000000000000000
01111101100111010000000000000000000000
01111101111001010000000000000000000000
01111101111010100000000000000000000000
01111110000111110000000000000000000000
01111110011001110000000000000000000000
01111110101100110000000000000000000000
01111110110010110000000000000000000000
01111110111110000000000000000000000000
01111111001010110000000000000000000000
01111111010101010000000000000000000000
01111111011100100000000000000000000000
01111111100001110000000000000000000000
01111111100110100000000000000000000000
10001011111111100000000000000000000000
10001101011111110000000000000000000000
10001110110111110000000000000000000000
10001111101110110000000000000000000000
10001111111001110000000000000000000000
10010101111011110000000000000000000000
10010110111111010000000000000000000000
10010111011101110000000000000000000000
10010111100111110000000000000000000000
10010111111110100000000000000000000000
10011001110111110000000000000000000000
10011010011111110000000000000000000000
10011011101011110000000000000000000000
10011011111100110000000000000000000000
10011100111110110000000000000000000000
10011101111111000000000000000000000000
10011110111011100000000000000000000000
10011111001111100000000000000000000000
10011111010111010000000000000000000000
10011111101101010000000000000000000000
10011111110101100000000000000000000000
10011111111010010000000000000000000000
10100011111111010000000000000000000000
10100101110111110000000000000000000000
10100110011111110000000000000000000000
10100111101011110000000000000000000000
10100111111100110000000000000000000000
10101001111101110000000000000000000000
10101010101111110000000000000000000000
10101011011011110000000000000000000000
10101011110110110000000000000000000000
10101100111111100000000000000000000000
10101101111010110000000000000000000000
10101110111110010000000000000000000000
10101111010111100000000000000000000000
10101111011101010000000000000000000000
10101111100111010000000000000000000000
10101111101101100000000000000000000000
10101111111011000000000000000000000000
10110001101111110000000000000000000000
10110010111101110000000000000000000000
10110011011110110000000000000000000000
10110011110011110000000000000000000000
10110101011111010000000000000000000000
10110101111101100000000000000000000000
10110110101111100000000000000000000000
10110110110110110000000000000000000000
10110111011011100000000000000000000000
10110111101110010000000000000000000000
10110111110111000000000000000000000000
10110111111001010000000000000000000000
10111001111011100000000000000000000000
10111001111110010000000000000000000000
10111010111010110000000000000000000000
10111010111111000000000000000000000000
10111011001111010000000000000000000000
10111011011101100000000000000000000000
10111011100111100000000000000000000000
10111011110101010000000000000000000000
10111100011011110000000000000000000000
10111100100111110000000000000000000000
10111100111101010000000000000000000000
10111101001101110000000000000000000000
10111101010110110000000000000000000000
10111101101011010000000000000000000000
10111101101110100000000000000000000000
10111101110001110000000000000000000000
10111110001110110000000000000000000000
10111110010101110000000000000000000000
10111110101001110000000000000000000000
10111110110011010000000000000000000000
10111110111100100000000000000000000000
10111111000011110000000000000000000000
10111111011000110000000000000000000000
10111111011110000000000000000000000000
10111111100100110000000000000000000000
10111111110010100000000000000000000000
11000101111101110000000000000000000000
11000110101111110000000000000000000000
11000111011011110000000000000000000000
11000111110110110000000000000000000000
11001001101111110000000000000000000000
11001010111101110000000000000000000000
11001011011111010000000000000000000000
11001011110011110000000000000000000000
11001101110111010000000000000000000000
11001101111011100000000000000000000000
11001110011110110000000000000000000000
11001110111111000000000000000000000000
11001111011101100000000000000000000000
11001111100111100000000000000000000000
11001111101011010000000000000000000000
11001111111100010000000000000000000000
11010001111110110000000000000000000000
11010010111011110000000000000000000000
11010011001111110000000000000000000000
11010011110101110000000000000000000000
11010101101111010000000000000000000000
11010101110111100000000000000000000000
11010110011111100000000000000000000000
11010110111100110000000000000000000000
11010111011110010000000000000000000000
11010111101011100000000000000000000000
11010111110011010000000000000000000000
11010111111101000000000000000000000000
11011000111111100000000000000000000000
11011001111101010000000000000000000000
11011010101111010000000000000000000000
11011011010111100000000000000000000000
11011011011010110000000000000000000000
11011011101101100000000000000000000000
11011011110110010000000000000000000000
11011011111011000000000000000000000000
11011100011111010000000000000000000000
11011100100111110000000000000000000000
11011100111001110000000000000000000000
11011101001011110000000000000000000000
11011101010101110000000000000000000000
11011101011110100000000000000000000000
11011101101100110000000000000000000000
11011101110010110000000000000000000000
11011110001101110000000000000000000000
11011110010011110000000000000000000000
11011110101010110000000000000000000000
11011110110101010000000000000000000000
11011110110110100000000000000000000000
11011111000110110000000000000000000000
11011111011001010000000000000000000000
11011111100001110000000000000000000000
11011111101110000000000000000000000000
11011111111000100000000000000000000000
11100000111111110000000000000000000000
11100011010111110000000000000000000000
11100011101101110000000000000000000000
11100011111010110000000000000000000000
11100011111110100000000000000000000000
11100101101111100000000000000000000000
11100101111110010000000000000000000000
11100110111011010000000000000000000000
11100110111101100000000000000000000000
11100111001110110000000000000000000000
11100111011111000000000000000000000000
11100111110011100000000000000000000000
11100111110101010000000000000000000000
11101001011110110000000000000000000000
11101001111111000000000000000000000000
11101010110111010000000000000000000000
11101010111011100000000000000000000000
11101011001111100000000000000000000000
11101011101110010000000000000000000000
11101011110101100000000000000000000000
11101011111001010000000000000000000000
11101100011101110000000000000000000000
11101100101011110000000000000000000000
11101100110110110000000000000000000000
11101101000111110000000000000000000000
11101101011011010000000000000000000000
11101101101101010000000000000000000000
11101101110001110000000000000000000000
11101101111100100000000000000000000000
11101110001111010000000000000000000000
11101110010011110000000000000000000000
11101110100101110000000000000000000000
11101110101110100000000000000000000000
11101110111000110000000000000000000000
11101111001001110000000000000000000000
11101111010100110000000000000000000000
11101111011010100000000000000000000000
11101111100010110000000000000000000000
11101111110110000000000000000000000000
11110001011111100000000000000000000000
11110001111011010000000000000000000000
11110010110111100000000000000000000000
11110010111110010000000000000000000000
11110011011101010000000000000000000000
11110011100110110000000000000000000000
11110011101111000000000000000000000000
11110011111001100000000000000000000000
11110100001111110000000000000000000000
11110100110111010000000000000000000000
11110100111001110000000000000000000000
11110100111110100000000000000000000000
11110101010011110000000000000000000000
11110101011100110000000000000000000000
11110101100101110000000000000000000000
11110101101010110000000000000000000000
11110110010101110000000000000000000000
11110110011010110000000000000000000000
11110110100011110000000000000000000000
11110110101101010000000000000000000000
11110111000111010000000000000000000000
11110111001001110000000000000000000000
11110111010110100000000000000000000000
11110111101100100000000000000000000000
11110111110000110000000000000000000000
11110111111010000000000000000000000000
11111000010111110000000000000000000000
11111000011101110000000000000000000000
11111000101110110000000000000000000000
11111000111011100000000000000000000000
11111001001011110000000000000000000000
11111001010111010000000000000000000000
11111001100011110000000000000000000000
11111001100101110000000000000000000000
11111001110110100000000000000000000000
11111001111000110000000000000000000000
11111010000111110000000000000000000000
11111010011011010000000000000000000000
11111010011110100000000000000000000000
11111010101001110000000000000000000000
11111010110001110000000000000000000000
11111010110100110000000000000000000000
11111011001100110000000000000000000000
11111011010001110000000000000000000000
11111011100011010000000000000000000000
11111011101010100000000000000000000000
11111011111100000000000000000000000000
11111100011101100000000000000000000000
11111100101101100000000000000000000000
11111100101111000000000000000000000000
11111100110101100000000000000000000000
11111100111010010000000000000000000000
11111101000111100000000000000000000000
11111101001110010000000000000000000000
11111101011001100000000000000000000000
11111101011101000000000000000000000000
11111101101001100000000000000000000000
11111101110011000000000000000000000000
11111101110100010000000000000000000000
11111110001011100000000000000000000000
11111110010111000000000000000000000000
11111110011100010000000000000000000000
11111110100011100000000000000000000000
11111110100110010000000000000000000000
11111110111001000000000000000000000000
11111111000101100000000000000000000000
11111111001011000000000000000000000000
11111111010001100000000000000000000000
11111111010010010000000000000000000000
11111111100101000000000000000000000000
11111111101000010000000000000000000000
00000000000000000000000011111111111111
00000000000000000000110111111111101100
00000000000000000000111100001111111111
00000000000000000000111111110000111111
00000000000000000000111111111111000011
00000000000000000001000100111111111111
00000000000000000001000111110101111111
00000000000000000001011001110011111111
00000000000000000001011101011111011011
00000000000000000001011101110111011101
00000000000000000001011110111011101110
00000000000000000001011111011101110110
00000000000000000001011111101110111010
00000000000000000001101011111000111111
00000000000000000001101101101111001111
00000000000000000001101101111011110110
00000000000000000001101110110111111010
00000000000000000001101111011110011110
00000000000000000001101111101101101101
00000000000000000001110010011011111111
00000000000000000001110101111101111010
00000000000000000001110110101100111111
00000000000000000001110110111110110101
00000000000000000001110111010111101110
00000000000000000001110111101011011110
00000000000000000001111001111110101110
00000000000000000001111010111101011110
00000000000000000001111011011011111001
00000000000000000001111011100111110110
00000000000000000001111111110011001011
00000000000000000010000111001111111111
00000000000000000010001111110010111111
00000000000000000010010011111111100111
00000000000000000010011101111011111010
00000000000000000010011110011111001111
00000000000000000010011110110111110110
00000000000000000010011111011110101101
00000000000000000010011111101101011110
00000000000000000010100011111111011011
00000000000000000010101000111111110111
00000000000000000010101101110111101110
00000000000000000010101110111011011101
00000000000000000010101111011101111010
00000000000000000010101111101110110110
00000000000000000010110101111110011110
00000000000000000010110110111101101110
00000000000000000010110111011011110110
00000000000000000010110111100111111001
00000000000000000010111001111101110101
00000000000000000010111010111110111010
00000000000000000010111011010111011110
00000000000000000010111011101011101110
00000000000000000010111101011100110111
00000000000000000010111111000010111111
00000000000000000011001100111100111111
00000000000000000011001111000011111111
00000000000000000011001111011011101101
00000000000000000011001111100111011101
00000000000000000011001111111111110000
00000000000000000011010101101111100111
00000000000000000011010110011111011011
00000000000000000011010111011110111001
00000000000000000011010111110101100111
00000000000000000011010111111001111100
00000000000000000011011010101111111100
00000000000000000011011011011101101101
00000000000000000011011011110101101011
00000000000000000011011011111010010111
00000000000000000011011110111010011101
00000000000000000011100101011111111100
00000000000000000011100111110101010111
00000000000000000011100111111010101011
00000000000000000011101001101111011011
00000000000000000011101010011111100111
00000000000000000011101010101111110011
00000000000000000011101011110110111100
00000000000000000011101101111101010101
00000000000000000011101110111110100101
00000000000000000011110000110011111111
00000000000000000011110001010110111111
00000000000000000011110011001100111111
00000000000000000011110011111111001100
00000000000000000011110110101011111001
00000000000000000011110110110111010101
00000000000000000011110111101101110001
00000000000000000011111100111100001111
00000000000000000011111100111111101000
00000000000000000011111101010110110011
00000000000000000011111101011001001111
00000000000000000011111101100101101101
00000000000000000011111101101010111100
00000000000000000011111110001110101011
00000000000000000011111110010101111100
00000000000000000011111110100110001111
00000000000000000011111110101001110011
00000000000000000011111111001111010100
00000000000000000011111111110011100100
00000000000000000011111111111100011000
00000000000000000100011101111101101110
00000000000000000100011110111110011110
00000000000000000100011111010111111010
00000000000000000100011111101011110101
00000000000000000100101101111110111001
00000000000000000100101110111101110110
00000000000000000100101111011011101110
00000000000000000100101111100111011110
00000000000000000100110101110111110110
00000000000000000100110110111011111010
00000000000000000100110111011101011101
00000000000000000100110111101110101110
00000000000000000100111001111011011110
00000000000000000100111010110111101101
00000000000000000100111011011110110110
00000000000000000100111011101101111010
00000000000000000100111111111010010011
00000000000000000101000111111110010111
00000000000000000101001110011111111100
00000000000000000101001110101111100111
00000000000000000101001111110110100111
00000000000000000101001111111001011011
00000000000000000101010101011010111111
00000000000000000101010110100101111111
00000000000000000101010111111111101000
00000000000000000101011000111111110011
00000000000000000101011011001111001111
00000000000000000101011011111100111100
00000000000000000101011100100110111111
00000000000000000101100100111111001111
00000000000000000101100111001111110011
00000000000000000101100111110011111100
00000000000000000101101001010101111111
00000000000000000101101010101010111111
00000000000000000101101011101011101011
00000000000000000101101011111111010100
00000000000000000101101111001001111101
00000000000000000101110001101111111100
00000000000000000101110001111011101110
00000000000000000101110011110110011011
00000000000000000101110011111001100111
00000000000000000101111100111001111100
00000000000000000101111101011111100100
00000000000000000101111101100011101011
00000000000000000101111101101100010111
00000000000000000101111110010011010111
00000000000000000101111110011100101011
00000000000000000101111110101111011000
00000000000000000101111111000110111100
00000000000000000101111111110001000111
00000000000000000101111111110101110000
00000000000000000101111111111010001100
00000000000000000110001101011111010111
00000000000000000110001110101111101011
00000000000000000110001111110101111100
00000000000000000110010100111111111100
00000000000000000110010111110011001111
00000000000000000110010111110110101011
00000000000000000110010111111100110011
00000000000000000110011001100110111111
00000000000000000110011010011001111111
00000000000000000110011011111001001111
00000000000000000110011011111111011000
00000000000000000110011110101011101101
00000000000000000110011111011101010101
00000000000000000110100101101001111111
00000000000000000110100110010110111111
00000000000000000110100111111111100100
00000000000000000110101011001111111100
00000000000000000110101011110011110011
00000000000000000110101011111100001111
00000000000000000110101110100111111001
00000000000000000110101111010101110110
00000000000000000110110001011111101011
00000000000000000110110010101111010111
00000000000000000110110011110001110111
00000000000000000110110011111010111100
00000000000000000110110111001011011101
00000000000000000110111010110011110101
00000000000000000110111100101111010011
00000000000000000110111100110101011011
00000000000000000110111100111010100111
00000000000000000110111101010011111100
00000000000000000110111101101111001100
00000000000000000110111110011111110000
00000000000000000110111110101100111100
00000000000000000110111111000101100111
00000000000000000110111111001010011011
00000000000000000110111111110110010100
00000000000000000110111111111001101000
00000000000000000111000101101100111111
00000000000000000111000101110111111010
00000000000000000111000110111011110110
00000000000000000111000111011101101110
00000000000000000111000111101110011101
00000000000000000111001001011111001111
00000000000000000111001001111011101101
00000000000000000111001010110111011110
00000000000000000111001011011110111010
00000000000000000111001011101101110110
00000000000000000111001111110011101001
00000000000000000111010001111101011110
00000000000000000111010010111110101110
00000000000000000111010011010111110101
00000000000000000111010011101011111010
00000000000000000111011100010111101110
00000000000000000111011100101011011110
00000000000000000111011101001101111001
00000000000000000111011101110001110110
00000000000000000111011101111100100101
00000000000000000111011101111110001010
00000000000000000111011110001110110110
00000000000000000111011110010101111010
00000000000000000111011110110010111001
00000000000000000111011110111101000101
00000000000000000111011111000011001111
00000000000000000111011111010100011110
00000000000000000111011111011011100010
00000000000000000111011111100111010010
00000000000000000111011111101000101110
00000000000000000111100001111110110110
00000000000000000111100010111101111001
00000000000000000111100011011011011110
00000000000000000111100011100111101110
00000000000000000111100110001010111111
00000000000000000111101100011011111010
00000000000000000111101100100111110101
00000000000000000111101101001110101110
00000000000000000111101101110010011110
00000000000000000111101101111101100010
00000000000000000111101110001101011110
00000000000000000111101110110001101110
00000000000000000111101110111110010010
00000000000000000111101111010111001001
00000000000000000111101111011000110101
00000000000000000111101111100100111010
00000000000000000111101111101011000110
00000000000000000111110010100001111111
00000000000000000111110011001111100011
00000000000000000111110100011101110110
00000000000000000111110100101110111010
00000000000000000111110101000111011110
00000000000000000111110101110100101101
00000000000000000111110101111011010001
00000000000000000111110110001011101101
00000000000000000111110110110111100010
00000000000000000111110110111000011110
00000000000000000111110111010001111010
00000000000000000111110111011110000110
00000000000000000111110111100010110110
00000000000000000111110111101101001010
00000000000000000111111000011110011101
00000000000000000111111000101101101110
00000000000000000111111001001011110110
00000000000000000111111001110110110001
00000000000000000111111001110111000110
00000000000000000111111001111000111010
00000000000000000111111010000111111010
00000000000000000111111010110100110110
00000000000000000111111010111011001010
00000000000000000111111011010010101110
00000000000000000111111011011101010010
00000000000000000111111011100001011101
00000000000000000111111011100100011110
00000000000000000111111011101110100001
00000000000000000000001110111111110011
00000000000000000000011010101111111011
00000000000000000000011100111111101011
00000000000000000000011101111110110110
00000000000000000000011110111101111001
00000000000000000000011111011011011110
00000000000000000000011111100111101110
00000000000000000000100011110110111111
00000000000000000000100101011011111111
00000000000000000000101101111101011110
00000000000000000000101110111110101110
00000000000000000000101111010111110101
00000000000000000000101111101011111010
00000000000000000000110011111111000111
00000000000000000000110101111011101101
00000000000000000000110110110111011110
00000000000000000000110111011110111010
00000000000000000000110111101101110110
00000000000000000000111001110111111010
00000000000000000000111010111011110110
00000000000000000000111011011101101110
00000000000000000000111011101110011101
00000000000000000000111111001111010011
00000000000000000000111111010011100111
00000000000000000000111111110100110011
00000000000000000001001101011111101011
00000000000000000001001110101111010111
00000000000000000001001111111010111100
00000000000000000001010111001111111100
00000000000000000001010111110011110011
00000000000000000001010111111100001111
00000000000000000001011001101001111111
00000000000000000001011010010110111111
00000000000000000001011011101101011101
00000000000000000001011011111111100100
00000000000000000001100101100110111111
00000000000000000001100110011001111111
00000000000000000001100110111101101101
00000000000000000001100111111001110011
00000000000000000001100111111111011000
00000000000000000001101000111111111100
00000000000000000001101011001111011011
00000000000000000001101011110011001111
00000000000000000001101011111100110011
00000000000000000001101101110111100101
00000000000000000001110001011111010111
00000000000000000001110010101111101011
00000000000000000001110011110101111100
00000000000000000001110101111110010101
00000000000000000001110111011010110101
00000000000000000001111011010111010101
00000000000000000001111100110101100111
00000000000000000001111100111010011011
00000000000000000001111101010101101011
00000000000000000001111101011100111100
00000000000000000001111101101111110000
00000000000000000001111110010110011011
00000000000000000001111110011001100111
00000000000000000001111110011111001100
00000000000000000001111110100011111100
00000000000000000001111111000101011011
00000000000000000001111111001010100111
00000000000000000001111111110110101000
00000000000000000001111111111001010100
00000000000000000010001101101111111100
00000000000000000010001111110110011011
00000000000000000010001111111001100111
00000000000000000010010101010101111111
00000000000000000010010101111101111001
00000000000000000010010110010011111111
00000000000000000010010110101010111111
00000000000000000010010111111111010100
00000000000000000010011000111111001111
00000000000000000010011001111100101111
00000000000000000010011011001111110011
00000000000000000010011011110011111100
00000000000000000010100100111111110011
00000000000000000010100101101111010111
00000000000000000010100110011111101011
00000000000000000010100111001111001111
00000000000000000010100111111100111100
00000000000000000010101001011010111111
00000000000000000010101010100101111111
00000000000000000010101011111111101000
00000000000000000010110000101111011111
00000000000000000010110010011111111100
00000000000000000010110011110110100111
00000000000000000010110011111001011011
00000000000000000010110101010111101101
00000000000000000010111001111110100101
00000000000000000010111010111101011001
00000000000000000010111100110110111100
00000000000000000010111100111001110101
00000000000000000010111101011111011000
00000000000000000010111101100011010111
00000000000000000010111101101100101011
00000000000000000010111110010011101011
00000000000000000010111110011100010111
00000000000000000010111110101111100100
00000000000000000010111111001001111100
00000000000000000010111111110101001100
00000000000000000010111111111000001011
00000000000000000010111111111010110000
00000000000000000011000101111011011110
00000000000000000011000110101111001111
00000000000000000011000110110111101101
00000000000000000011000111011110110110
00000000000000000011000111101101111010
00000000000000000011001001110111110110
00000000000000000011001010111011111010
00000000000000000011001011011101011101
00000000000000000011001011101110101110
00000000000000000011001110001111011011
00000000000000000011010000111010111111
00000000000000000011010001111110111001
00000000000000000011010010111101110110
00000000000000000011010011011011101110
00000000000000000011010011100111011110
00000000000000000011010101011111100011
00000000000000000011010111100110101101
00000000000000000011011001011011011101
00000000000000000011011001101111101001
00000000000000000011011010011111010011
00000000000000000011011011010110111001
00000000000000000011011100011011110101
00000000000000000011011100100111111010
00000000000000000011011101001110011110
00000000000000000011011101110010101110
00000000000000000011011101111101010010
00000000000000000011011110001101101110
00000000000000000011011110110001011110
00000000000000000011011110111110100010
00000000000000000011011111010111000110
00000000000000000011011111011000111010
00000000000000000011011111100100110101
00000000000000000011011111101011001001
00000000000000000011011111101011010010
00000000000000000011100001111101101110
00000000000000000011100010111110011110
00000000000000000011100011010111111010
00000000000000000011100011101011110101
00000000000000000011100011110011010111
00000000000000000011100100110101110111
00000000000000000011100101111010111010
00000000000000000011100111110110000111
00000000000000000011101001000011111111
00000000000000000011101100010111011110
00000000000000000011101100101011101110
00000000000000000011101101001101110110
00000000000000000011101101110001111001
00000000000000000011101101111110000101
00000000000000000011101110001110111001
00000000000000000011101110110010110110
00000000000000000011101110111101001010
00000000000000000011101111010100101110
00000000000000000011101111011011010010
00000000000000000011101111100111100010
00000000000000000011101111101000011110
00000000000000000011110010110111001110
00000000000000000011110011111100100011
00000000000000000011110100011110101110
00000000000000000011110100101101011101
00000000000000000011110101001011111010
00000000000000000011110101011101011100
00000000000000000011110101110111001010
00000000000000000011110101111000110110
00000000000000000011110110000111110110
00000000000000000011110110110100111010
00000000000000000011110110111011000110
00000000000000000011110111010010011101
00000000000000000011110111011101100001
00000000000000000011110111100001101110
00000000000000000011110111101110010010
00000000000000000011111000011101111010
00000000000000000011111000101110110110
00000000000000000011111001000111101101
00000000000000000011111001110100011110
00000000000000000011111001111011100010
00000000000000000011111010001011011110
00000000000000000011111010110111010001
00000000000000000011111010111000101101
00000000000000000011111011001100110011
00000000000000000011111011010001110110
00000000000000000011111011011110001010
00000000000000000011111011100010111010
00000000000000000011111011101101000110
00000000000000000011111100011010010111
00000000000000000100001100110011111111
00000000000000000100001111001100111111
00000000000000000100001111111111001100
00000000000000000100010101101111011011
00000000000000000100010110011111100111
00000000000000000100010111110110111100
00000000000000000100010111111001011011
00000000000000000100011001011111111100
00000000000000000100011011110101010111
00000000000000000100011011111010101011
00000000000000000100011101100111011110
00000000000000000100100110101111111100
00000000000000000100100111101101101110
00000000000000000100100111110101101011
00000000000000000100100111111010010111
00000000000000000100101001101111100111
00000000000000000100101010011111011011
00000000000000000100101011111001111100
00000000000000000100110000111100111111
00000000000000000100110011000011111111
00000000000000000100110011111111110000
00000000000000000100111001011011111010
00000000000000000100111100111111010100
00000000000000000100111101010110001111
00000000000000000100111101011001110011
00000000000000000100111101100010111101
00000000000000000100111101100101111100
00000000000000000100111110010100011111
00000000000000000100111110011010111100
00000000000000000100111110100110110011
00000000000000000100111110101001001111
00000000000000000100111111001111101000
00000000000000000100111111110011011000
00000000000000000100111111111100100100
00000000000000000101000101111101110101
00000000000000000101000110111110111010
00000000000000000101000111010111011110
00000000000000000101000111101011101110
00000000000000000101001001111110011110
00000000000000000101001010111101101110
00000000000000000101001011011011110110
00000000000000000101001011100111111001
00000000000000000101001101101011111001
00000000000000000101001110110101110101
00000000000000000101001110111011001110
00000000000000000101010001110111101110
00000000000000000101010010111011011101
00000000000000000101010011011101111010
00000000000000000101010011101110110110
00000000000000000101010111011100101110
00000000000000000101011010111110011001
00000000000000000101011100011101011110
00000000000000000101011100101110101101
00000000000000000101011101000111110110
00000000000000000101011101110100111010
00000000000000000101011101111011000110
00000000000000000101011110001011111010
00000000000000000101011110110111001010
00000000000000000101011110111000110110
00000000000000000101011111010001101101
00000000000000000101011111011110010001
00000000000000000101011111100010011110
00000000000000000101011111101101100010
00000000000000000101100001111011111010
00000000000000000101100010110111110110
00000000000000000101100011011110101101
00000000000000000101100011101101011110
00000000000000000101100011111010100111
00000000000000000101100111011100111001
00000000000000000101101100011110110110
00000000000000000101101100101101111010
00000000000000000101101101001011011101
00000000000000000101101101110111010010
00000000000000000101101101111000101110
00000000000000000101101110000111101110
00000000000000000101101110110100011101
00000000000000000101101110111011100001
00000000000000000101101111010010111010
00000000000000000101101111011101000110
00000000000000000101101111100001110110
00000000000000000101101111101100010101
00000000000000000101101111101110001010
00000000000000000101110100010111111001
00000000000000000101110100101011110110
00000000000000000101110101001101101110
00000000000000000101110101100111110010
00000000000000000101110101110001011110
00000000000000000101110101111110100010
00000000000000000101110110001110011110
00000000000000000101110110110010101110
00000000000000000101110110111101010010
00000000000000000101110111010100110110
00000000000000000101110111011011001010
00000000000000000101110111100111000101
00000000000000000101110111101000111001
00000000000000000101111000011011101110
00000000000000000101111000011101110110
00000000000000000101111000100111011110
00000000000000000101111001001110111010
00000000000000000101111001110010110101
00000000000000000101111001111101001001
00000000000000000101111010001101110101
00000000000000000101111010110001111010
00000000000000000101111010111110000110
00000000000000000101111011010111100010
00000000000000000101111011011000011110
00000000000000000101111011100100101110
00000000000000000101111011101001101001
00000000000000000101111011101011010010
00000000000000000101111100010011110011
00000000000000000101111101100110000111
00000000000000000101111101101000011011
00000000000000000110000101111110101110
00000000000000000110000110111101011110
00000000000000000110000111011011111001
00000000000000000110000111100111110110
00000000000000000110001001111101111010
00000000000000000110001010111110110101
00000000000000000110001011010111101110
00000000000000000110001011101011011110
00000000000000000110001100011111100111
00000000000000000110010001111011110110
00000000000000000110010010110111111010
00000000000000000110010011011110011110
00000000000000000110010011101101101101
00000000000000000110011011100110110101
00000000000000000110011011101110110001
00000000000000000110011100011110111010
00000000000000000110011100101101110110
00000000000000000110011101001011101110
00000000000000000110011101110111100001
00000000000000000110011101111000011101
00000000000000000110011110000111011101
00000000000000000110011110110100101110
00000000000000000110011110111011010010
00000000000000000110011111010010110110
00000000000000000110011111011101001010
00000000000000000110011111100001111010
00000000000000000110011111101110000110
00000000000000000110100001110111011101
00000000000000000110100010111011101110
00000000000000000110100011011101110110
00000000000000000110100011101110111010
00000000000000000110100101110011110101
00000000000000000110101011011110010101
00000000000000000110101100011101101101
00000000000000000110101100101110011110
00000000000000000110101101000111111010
00000000000000000110101101110100110110
00000000000000000110101101111011001010
00000000000000000110101110001011110110
00000000000000000110101110110111000110
00000000000000000110101110111000111010
00000000000000000110101111010001011110
00000000000000000110101111011110100010
00000000000000000110101111100010101101
00000000000000000110101111101101010001
00000000000000000110110100011011011110
00000000000000000110110100100111101110
00000000000000000110110101001110110101
00000000000000000110110101110010111010
00000000000000000110110101111101000110
00000000000000000110110110001101111010
00000000000000000110110110110001110101
00000000000000000110110110111100010110
00000000000000000110110110111110001001
00000000000000000110110111010111010010
00000000000000000110110111011000101110
00000000000000000110110111100100011110
00000000000000000110110111101011100010
00000000000000000110111000010111110110
00000000000000000110111000101011111001
00000000000000000110111001001101011110
00000000000000000110111001110001101110
00000000000000000110111001111110010010
00000000000000000110111010001110101110
00000000000000000110111010110010011110
00000000000000000110111010111101100010
00000000000000000110111011010100111001
00000000000000000110111011011011000101
00000000000000000110111011100111001010
00000000000000000110111011101000110110
00000000000000000110111110100001010111
00000000000000000111000000001111111111
00000000000000000111000010111110111100
00000000000000000111000011110000111111
00000000000000000111000011111111000011
00000000000000000111001010011100110111
00000000000000000111001011110101010011
00000000000000000111001100111111011000
00000000000000000111001101010110111100
00000000000000000111001101011000011111
00000000000000000111001101100101001111
00000000000000000111001101101010110011
00000000000000000111001110010101110011
00000000000000000111001110011010001111
00000000000000000111001110100110110011
00000000000000000111001110101001111100
00000000000000000111001111001111100100
00000000000000000111001111110011010100
00000000000000000111001111111100101000
00000000000000000111010010000101111111
00000000000000000111010100110110010111
00000000000000000111010100111001101011
00000000000000000111010101011111001100
00000000000000000111010101100011111100
00000000000000000111010110011100111100
00000000000000000111010110101111110000
00000000000000000111010111000110101011
00000000000000000111010111001001010111
00000000000000000111010111110101011000
00000000000000000111010111111000010011
00000000000000000111010111111010100100
00000000000000000111011000110101111100
00000000000000000111011001010011011011
00000000000000000111011001011100100111
00000000000000000111011001101111010100
00000000000000000111011010011111101000
00000000000000000111011010100011100111
00000000000000000111011010101100011011
00000000000000000111011011001010111100
00000000000000000111011011110110001100
00000000000000000111011011111001110000
00000000000000000111011110101000101011
00000000000000000111011111010000111100
00000000000000000111100100111010111100
00000000000000000111100101010011100111
00000000000000000111100101011100011011
00000000000000000111100101101111101000
00000000000000000111100110011111010100
00000000000000000111100110100011011011
00000000000000000111100110101100100111
00000000000000000111100111000101111100
00000000000000000111100111110110110000
00000000000000000111100111111001001100
00000000000000000111101000110110101011
00000000000000000111101000111001010111
00000000000000000111101001011111110000
00000000000000000111101001101100111100
00000000000000000111101010010011111100
00000000000000000111101010101111001100
00000000000000000111101011000110010111
00000000000000000111101011001001101011
00000000000000000111101011110101100100
00000000000000000111101011111010011000
00000000000000000111110000101111011001
00000000000000000111110000111111100100
00000000000000000111110001011001111100
00000000000000000111110001100101110011
00000000000000000111110001101010001111
00000000000000000111110010010101001111
00000000000000000111110010011010110011
00000000000000000111110010100110111100
00000000000000000111110011001111011000
00000000000000000111110011110011101000
00000000000000000111110011111100010100
00000000000000000111110111111011000000
00000000000000000111111100000000111111
00000000000000000111111100001110111000
00000000000000000111111100001111000011
00000000000000000111111100110011001100
00000000000000000111111100111100110000
00000000000000000111111101010101010100
00000000000000000111111101011010101000
00000000000000000111111101100110011000
00000000000000000111111101101001100100
00000000000000000111111110010110100100
00000000000000000111111110011001011000
00000000000000000111111110100101101000
00000000000000000111111110101010010100
00000000000000000111111111000011110000
00000000000000000111111111001100001100
00000000000000000111111111110000000011
