# designs/ccrwest/design_39_25_5
# design: C(39,25,5)=35 - schema: 14 base index on 40, 5 mismatches, 35 blocks
000000000000010011011010011110010101010
000000000000010110010110101001100010111
000000000000100000010010110111011100111
000000000000110111000100011100111110000
000000000000111000101110010001100001111
000000000001000010011101011110001010101
000000000001010101001011110101101000010
000000000001100010001111101001010110010
000000000001110101011001000010110100101
000000000010001010110010101101001011010
000000000010001011100000101111010100101
000000000010011000111100000110111101000
000000000010101111111000011010000011000
000000000011001100110110110010010100010
000000000011011010100000011000010111101
000000000011101101100101000100001001101
000000000100000000001001110101110111101
000000000100100100011111000010101011010
000000000100110011001001101001001001101
000000000101000110010000101011111101000
000000000101010001000110000000011111111
000000000101100110000010011100100001111
000000000101110001010100110111000011000
000000000110001011100111011000101000010
000000000110011100110001010011001000101
000000000110111100100011000100010110010
000000000111001000111010000110100000111
000000000111011110101100101101000000000
000000000111101001101000010001011110000
111111111000000000000000000000000011111
111111111000000000000000000001111100000
111111111000000000000000111110000000000
111111111000000000011111000000000000000
111111111000001111100000000000000000000
111111111111110000000000000000000000000
