# from 17_1 and 17_1
111111111111100000000000000000000
111111111110001100000000000000000
111111111000111100000000000000000
111111100011111100000000000000000
111110001111111100000000000000000
111000111111111100000000000000000
100011111111111100000000000000000
001111111111111100000000000000000
000000000000000001111111111111000
000000000000000001111111111100011
000000000000000001111111110001111
000000000000000001111111000111111
000000000000000001111100011111111
000000000000000001110001111111111
000000000000000001000111111111111
000000000000000000011111111111111
