# 14 base index on 32, 4 mismatches 
00000010011011010011110010101010
00000010110010110101001100010111
00000100000010010110111011100111
00000110111000100011100111110000
00000111000101110010001100001111
00001000010011101011110001010101
00001010101001011110101101000010
00001100010001111101001010110010
00001110101011001000010110100101
00010001010110010101101001011010
00010001011100000101111010100101
00010011000111100000110111101000
00010101111111000011010000011000
00011001100110110110010010100010
00011011010100000011000010111101
00011101101100101000100001001101
00100000000001001110101110111101
00100100100011111000010101011010
00100110011001001101001001001101
00101000110010000101011111101000
00101010001000110000000011111111
00101100110000010011100100001111
00101110001010100110111000011000
00110001011100111011000101000010
00110011100110001010011001000101
00110111100100011000100010110010
00111001000111010000110100000111
00111011110101100101101000000000
00111101001101000010001011110000
