# 14 base index on 30, 5 mismatches 
0011011000111111100000010000101
0000100111000000011011101011010
0000011101100000001000111100111
0011100000011111110011000011000
0011010100001001010110010001011
0000101000110110101001101110100
0000001100110110110110000101010
0011110011001001000001111010001
0011000011010100010000001111111
0000111100101001101111100000000
0011000001101001011100101101100
0000110110010110100001010010011
0010100011110001110010100100001
0001001100001110001101011011100
0011000101011111101000101000010
0000011010100000010111010111101
0001101101000101101010000110011
0010000010111010010101111000100
0011001001100010100110011010001
0000110000011101011001100101110
0000110100101100110100100010111
0001001011010011001011010101000
0001010011001110010010110000110
0010000100110001101101001111001
0001101010010000101100001001111
0010010101100111010010110110000
0001100000100101100010111011100
0010011111011010011100000000011
0011010010000010101110100110110
0000101101111101000001010001001
0001100001110011011100000010101
0000001110001100100011111101010
0000000111011101000110001110100
0011101000000010111001110001011
0000011011101011110000001011010
0011000100010100001111110100001
0000001010111101000110110010011
0011110101000010110001000101100
0000000110001001110000110111101
0011111001110100000111001000010
0001100110101110011010001100001
0010011000010001100101110010110
0010101111000111000100100001101
0001010000111000111011011010010
0000110010100110001100011101010
0001001101011000110011100010101
0010101001001100111100010110000
0001010110010011000010101001111
0001101100010001010100111110010
0010010011101100101011000001001
0010111000010010000010101111001
0001000011100101111101010000110
0000010001000110111110111001001
0011100110101001000001000110110
0010100100111010001010010011110
0001011010000101010101101100001
0011011110110100011000100001000
0000100001001011100111010100111
0001110110111000100100110101000
0000001000000111011011001010111
0010111010010001111010011000100
0001000001101110000101100111001
