#from 23_2 and 17_1 
00000000111111111111110000000000000000
11111111000000001111110000000000000000
00111111011111110000000000000000000000
11000111100011110001110000000000000000
11000111111100011110000000000000000000
11111000100011111110000000000000000000
11111000111100010001110000000000000000
00111111100000001111110000000000000000
11011111111111100000000000000000000000
11000000011111101111110000000000000000
00000000000000000000001111111111111000
00000000000000000000001111111111100011
00000000000000000000001111111110001111
00000000000000000000001111111000111111
00000000000000000000001111100011111111
00000000000000000000001110001111111111
00000000000000000000001000111111111111
00000000000000000000000011111111111111
