#29_2 29_2
00000000000000111111111111110000000000000000000000000000
11111111111111000000000000000000000000000000000000000000
00000000111111000000011111110000000000000000000000000000
00000000111111111111100000000000000000000000000000000000
11111111000000000000000111110000000000000000000000000000
00011111000000111111111000000000000000000000000000000000
00000000000000000000000000000000000000000011111111111111
00000000000000000000000000001111111111111100000000000000
00000000000000000000000000000000000011111100000001111111
00000000000000000000000000000000000011111111111110000000
00000000000000000000000000001111111100000000000000011111
00000000000000000000000000000001111100000011111111100000
