# designs/ccrwest/design_29_15_4
# design: C(29,15,4)=31 - schema: 14 base index on 30, 4 mismatches, 31 blocks
11110101000001001011000110110
01011100101101011000001011010
01101001110010101001010101010
10101101000000110100111011010
10011100011011000101100101010
11000000110110011101101110000
11000100011010111010011000110
00110001011011110001011110000
00110101110111000010101000110
10010011011100111010100011000
01100010011101110001100001110
10100010101000101100001111110
00001011000111111111000010010
00000100101100100111110110110
10010011110000011101010001110
01101001011010001110100011100
10100110000111001011111001000
11011010101010010001110010010
01011000000001100111111101100
00111110110000101001101010100
01010011000110000000111111110
01100110110001010110010111000
11111110000110110100000100100
00001111101011011000110100100
11110001101101101100110000000
00111010011100001110011100010
10101001101100010011001101100
11001101010101000101011010100
11001011110001100010101100010
10011000110111100010010011100
01010111101010100111001001000
