1111111111111100000000000000000000000000000000
1111111000000001111110000000000000000000000000
1111111000000000000000111111100000000000000000
0000000011111111111110000000000000000000000000
0000000011111100000000111111100000000000000000
0000000000000001111111111111100000000000000000
0000000000000000000000000000001111111111111000
0000000000000000000000000000001111111111100011
0000000000000000000000000000001111111110001111
0000000000000000000000000000001111111000111111
0000000000000000000000000000001111100011111111
0000000000000000000000000000001110001111111111
0000000000000000000000000000001000111111111111
0000000000000000000000000000000011111111111111
