0000011111110000001111111000000000000000000
1111100000110111110000011000000000000000000
0011100111001001110011100000000000000000000
1100111001001110011100100000000000000000000
0011011000111001101100011000000000000000000
1100000110111110000011011000000000000000000
0111011110000011101111000000000000000000000
0000000000000000000000000111111111111100000
0000000000000000000000000111111111000001111
0000000000000000000000000111110000011111111
0000000000000000000000000100000111111111111
0000000000000000000000000000011111111111111
