000000011111110000000011111110000000000000000000
010101110000110010101110000110000000000000000000
011111101000000011111101000000000000000000000000
100101001100110100101001100110000000000000000000
101010011000110101010011000110000000000000000000
101010100111000101010100111000000000000000000000
110101010011000110101010011000000000000000000000
000101101011001000101101011000000000000000000000
001111010100001001111010100000000000000000000000
011010000100111011010000100110000000000000000000
011010001011001011010001011000000000000000000000
100000100011111100000100011110000000000000000000
110000111100001110000111100000000000000000000000
000000000000000000000000000001100010111101111111
000000000000000000000000000001100011010111101111
000000000000000000000000000001111101100011101111
000000000000000000000000000000100111111010110111
000000000000000000000000000001111110001101010111
000000000000000000000000000000111011001110111011
000000000000000000000000000001100101111110011011
000000000000000000000000000000011111110111011101
000000000000000000000000000001011111111100001101
000000000000000000000000000001011001011111110101
000000000000000000000000000001011110111001111001
000000000000000000000000000001111110110100111110
000000000000000000000000000001111011011011011110
000000000000000000000000000000111100111101101110
000000000000000000000000000001111111110111100010
000000000000000000000000000001000111101111111100
