# 14 base index on 24, 3 mismatches 
00100101110010111110111
00010010111001011111011
10001001011100101111101
11000100101110010111110
11100010010111001011111
01110001001011100101111
10111000100101110010111
11011100010010111001011
11101110001001011100101
11110111000100101110010
11111011100010010111001
01111101110001001011100
10111110111000100101110
01011111011100010010111
00101111101110001001011
10010111110111000100101
11001011111011100010010
11100101111101110001001
01110010111110111000100
10111001011111011100010
01011100101111101110001
00101110010111110111000
10010111001011111011100
01001011100101111101110
