# 14 base index on 36, 4 mismatches
01010001000110000000011111111000000
01100110000010011100100001111000000
01110001010100110111000011000000000
10001011100111011000101000010000000
10011100110001010011001000101000000
10111100100011000100010110010000000
11001000111010000110100000111000000
11011110101100101101000000000000000
11101001101000010001011110000000000
00010011011010011110010101010000000
00010110010110101001100010111000000
00100000010010110111011100111000000
00110111000100011100111110000000000
00111000101110010001100001111000000
01000010011101011110001010101000000
01010101001011110101101000010000000
01100010001111101001010110010000000
01110101011001000010110100101000000
10001010110010101101001011010000000
10001011100000101111010100101000000
10011000111100000110111101000000000
10101111111000011010000011000000000
11001100110110110010010100010000000
11011010100000011000010111101000000
11101101100101000100001001101000000
00000000001001110101110111101000000
00100100011111000010101011010000000
00110011001001101001001001101000000
01000110010000101011111101000000000
