1111111100000000000111110000000000000000000000000
1111111100000000111100010000000000000000000000000
1111000001000000111111110000000000000000000000000
1111100001111110000100010000000000000000000000000
1111100000000111110001110000000000000000000000000
1111111111110000000001000000000000000000000000000
1111100000000111111111000000000000000000000000000
0000001111111111110000010000000000000000000000000
0000001111111110000111110000000000000000000000000
0000011111000000111111110000000000000000000000000
0000001111111111111100000000000000000000000000000
0000000000011111111111110000000000000000000000000
0000000000000000000000000111111110000000000011111
0000000000000000000000000111111110000000011110001
0000000000000000000000000111100000100000011111111
0000000000000000000000000111110000111111000010001
0000000000000000000000000111110000000011111000111
0000000000000000000000000111111111111000000000100
0000000000000000000000000111110000000011111111100
0000000000000000000000000000000111111111111000001
0000000000000000000000000000000111111111000011111
0000000000000000000000000000001111100000011111111
0000000000000000000000000000000111111111111110000
0000000000000000000000000000000000001111111111111
