# designs/ccrwest/design_24_10_4
# design: C(24,10,4)=87 - schema: 14 base index on 25, 4 mismatches, 87 blocks
100011111001011011011010
010110111101001001101011
100011111010010100011111
111011110100011101000011
110010110001101111010110
001011111101110101100100
011111011011111000001010
001111101110010010101101
001111010111001011101100
100110001100101110011111
010100111010110101110011
011001011110011101011100
111111110110110001001000
011011110001101001111100
100010011111011111000101
111000001011111101100011
111100111111000000111100
110111111001010010110001
101001100010110110111110
011101000001111110110101
010010101111111100111000
101101111001011101101000
111101100011101000011011
010111011010000110111110
110100100011010110101111
110010110110011011101100
111111011110100001110000
110101000100011011111011
010011001100110111100111
011111001101100001010111
111110111001011100010100
011010110111100110100011
110111001101010100101011
001010011010111010111011
101000000101110101111111
000111110001110111001101
111011001001001111011001
100100011011110011011110
101010011111100001111010
101110001001011011101101
001101111100101000011111
001110001101011111110010
011110101010101111001010
100101011110111110001001
101001100111111011100001
110000111001100110111101
101110110101110010000111
111101011000001111100011
010111000111101110011001
011010110000011111111001
110010001101111010110110
111111000010011011010110
111100100110100111010101
101110010011001001110111
110101100111011101010100
101111001110110100010011
011100000111110011111010
111101000101100111001110
100111100011100111010011
000111110110111010010110
111000111100110011100110
010100011111111011010001
000110010101111101011011
110111010010100001101111
011100100110110101001111
111010010111010010011101
111010101100001001011111
101110010110111100101100
110011010011110111100010
110111001000110101111100
101011111000101110100101
000011101011010001111111
111011101111000110000110
110001101110100111111000
000101111001101101110110
101111110100000110111010
101100011110010110110110
010101111101111110000010
100111101111101001001100
011101111000110011011100
011000111101010110011011
010011110101010100110111
000001100111001111011111
001001111011011011000111
010011010110001111110101
001100011111100111101001
110001011111101000100111
