# designs/ccrwest/design_29_15_5
# design: C(29,15,5)=67 - schema: 14 base index on 30, 5 mismatches, 67 blocks
00000111100100011111000101110
00001010011101101110011100100
00001101111001110001011001010
00010000011101011101110010011
00010111111001000000110111001
00011010000000110011101110111
00011101100100101100101011001
00100000110100110010111111010
00100011100111010010111000101
00100100000011001101111101011
00101001111010111100100100001
00101110011110100011100001001
00110011111010001111001010000
00110100011110010000001111110
00110100011110010000011111100
00110101100010100110110010110
00111001100111100001010110010
00111110000001111110010011000
01000010101111100101101011000
01000101001011111010101110000
01000101010110100111011100001
01001000110010001011110111100
01001111010110010100110010010
01010010110010111000011001011
01011000101111010110000101001
01011111001011001001000000111
01011111001011001001010000101
01100001001000110111010011101
01100110101100101000010110011
01101010000101011001001111001
01101100110001000110001010111
01110001010101101010100001110
01110110110001110101100100000
01111011001000000100111101010
01111100101100011011110000000
10000011010011100100000111111
10000100110111111011000010001
10001001001110001010011011011
10001010101010010101011110001
10010011001110111000110101000
10010100101010100110111000110
10010100101010100111110000110
10010100111010100110110000110
10011001010011010111101001000
10011110110111001000101100000
10100111010000101001111010100
10101010101001011000100011110
10101101001101000111100110000
10110000101001101011001101001
10110111001101110100001000001
10111010110100000101010001101
10111101010000011010010100011
11000001111100000001101100111
11000110011000011110101001001
11001011100001101110100000011
11001100000101110000110101101
11010001100001011100011110100
11010110000101000011011011010
11011000011011100000111010001
11011011111100110010000010000
11011100011000101101000111000
11100010011011010011010100010
11100101110111001100010001000
11101000000110111101001000110
11101111100010100010001101000
11110010000110001110100110001
11110101100010010001100011001
