111111111111110000000000000000000000000000000000
111111100000000111111000000000000000000000000000
111111100000000000000011111110000000000000000000
000000001111111111111000000000000000000000000000
000000001111110000000011111110000000000000000000
000000000000000111111111111110000000000000000000
000000000000000000000000000000111111111111100000
000000000000000000000000000000111111111000001111
000000000000000000000000000000111110000011111111
000000000000000000000000000000100000111111111111
000000000000000000000000000000000011111111111111
