#mege of two 50_7s
000000000000000000000000000000000000000000000000000000000000000000000000000000010111100110110011110
000000000000000000000000000000000000000000000000000000000000000000000000000001001010110011001110111
000000000000000000000000000000000000000000000000000000000000000000000000000001011101010101011101001
000000000000000000000000000000000000000000000000000000000000000000000000000010111001010011011010110
000000000000000000000000000000000000000000000000000000000000000000000000000110101010111010010111000
000000000000000000000000000000000000000000000000000000000000000000000000000110111101011100100000110
000000000000000000000000000000000000000000000000000000000000000000000000000111100000001001111001111
000000000000000000000000000000000000000000000000000000000000000000000000000111110011101011001000001
000000000000000000000000000000000000000000000000000000000000000000000000000010101110110101101001000
000000000000000000000000000000000000000000000000000000000000000000000000000011100100000110000111111
000000000000000000000000000000000000000000000000000000000000000000000000000011110011100000110100101
000000000000000000000000000000000000000000000000000000000000000000000000000011110011100000110110001
000000000000000000000000000000000000000000000000000000000000000000000000000100000100001111111110010
000000000000000000000000000000000000000000000000000000000000000000000000000100000100001111111110100
000000000000000000000000000000000000000000000000000000000000000000000000000100010011101001001101110
000000000000000000000000000000000000000000000000000000000000000000000000000101001110111100010000011
000000000000000000000000000000000000000000000000000000000000000000000000000101011001011010100011001
000000000000000000000000000000000000000000000000000000101111001101100111100000000000000000000000000
000000000000000000000000000000000000000000000000000010010101100110011101110000000000000000000000000
000000000000000000000000000000000000000000000000000010111010101010111010010000000000000000000000000
000000000000000000000000000000000000000000000000000101110010100110110101100000000000000000000000000
000000000000000000000000000000000000000000000000001101010101110100101110000000000000000000000000000
000000000000000000000000000000000000000000000000001101111010111001000001100000000000000000000000000
000000000000000000000000000000000000000000000000001111000000010011110011110000000000000000000000000
000000000000000000000000000000000000000000000000001111100111010110010000010000000000000000000000000
000000000000000000000000000000000000000000000000000101011101101011010010000000000000000000000000000
000000000000000000000000000000000000000000000000000111001000001100001111110000000000000000000000000
000000000000000000000000000000000000000000000000000111100111000001101001010000000000000000000000000
000000000000000000000000000000000000000000000000000111100111000001101100010000000000000000000000000
000000000000000000000000000000000000000000000000001000001000011111111100100000000000000000000000000
000000000000000000000000000000000000000000000000001000001000011111111101000000000000000000000000000
000000000000000000000000000000000000000000000000001000100111010010011011100000000000000000000000000
000000000000000000000000000000000000000000000000001010011101111000100000110000000000000000000000000
000000000000000000000000000000000000000000000000001010110010110101000110010000000000000000000000000
000000000000000000000000000001011110011011001111000000000000000000000000000000000000000000000000000
000000000000000000000000000100101011001100111011100000000000000000000000000000000000000000000000000
000000000000000000000000000101110101010101110100100000000000000000000000000000000000000000000000000
000000000000000000000000001011100101001101101011000000000000000000000000000000000000000000000000000
000000000000000000000000011010101011101001011100000000000000000000000000000000000000000000000000000
000000000000000000000000011011110101110010000011000000000000000000000000000000000000000000000000000
000000000000000000000000011110000000100111100111100000000000000000000000000000000000000000000000000
000000000000000000000000011111001110101100100000100000000000000000000000000000000000000000000000000
000000000000000000000000001010111011010110100100000000000000000000000000000000000000000000000000000
000000000000000000000000001110010000011000011111100000000000000000000000000000000000000000000000000
000000000000000000000000001111001110000011010010100000000000000000000000000000000000000000000000000
000000000000000000000000001111001110000011011000100000000000000000000000000000000000000000000000000
000000000000000000000000010000010000111111111001000000000000000000000000000000000000000000000000000
000000000000000000000000010000010000111111111010000000000000000000000000000000000000000000000000000
000000000000000000000000010001001110100100110111000000000000000000000000000000000000000000000000000
000000000000000000000000010100111011110001000001100000000000000000000000000000000000000000000000000
000000000000000000000000010101100101101010001100100000000000000000000000000000000000000000000000000
000010111100110110011110000000000000000000000000000000000000000000000000000000000000000000000000000
001001010110011001110111000000000000000000000000000000000000000000000000000000000000000000000000000
001011101010101011101001000000000000000000000000000000000000000000000000000000000000000000000000000
010111001010011011010110000000000000000000000000000000000000000000000000000000000000000000000000000
110101010111010010111000000000000000000000000000000000000000000000000000000000000000000000000000000
110111101011100100000110000000000000000000000000000000000000000000000000000000000000000000000000000
111100000001001111001111000000000000000000000000000000000000000000000000000000000000000000000000000
111110011101011001000001000000000000000000000000000000000000000000000000000000000000000000000000000
010101110110101101001000000000000000000000000000000000000000000000000000000000000000000000000000000
011100100000110000111111000000000000000000000000000000000000000000000000000000000000000000000000000
011110011100000110100101000000000000000000000000000000000000000000000000000000000000000000000000000
011110011100000110110001000000000000000000000000000000000000000000000000000000000000000000000000000
100000100001111111110010000000000000000000000000000000000000000000000000000000000000000000000000000
100000100001111111110100000000000000000000000000000000000000000000000000000000000000000000000000000
100010011101001001101110000000000000000000000000000000000000000000000000000000000000000000000000000
101001110111100010000011000000000000000000000000000000000000000000000000000000000000000000000000000
101011001011010100011001000000000000000000000000000000000000000000000000000000000000000000000000000
