#from 22_2 and 17_1
0000000111111111111110000000000000000
1111111000000011111110000000000000000
1111111111111100000000000000000000000
0001111000111100111110000000000000000
0001111111000111001110000000000000000
1110001000111111001110000000000000000
1110001111000100111110000000000000000
0000111111111011110000000000000000000
1111110000011111110000000000000000000
1111000111100111110000000000000000000
1111000111111000001110000000000000000
0000000000000000000001111111111111000
0000000000000000000001111111111100011
0000000000000000000001111111110001111
0000000000000000000001111111000111111
0000000000000000000001111100011111111
0000000000000000000001110001111111111
0000000000000000000001000111111111111
0000000000000000000000011111111111111
