11111111111111000000000000000000000000000000000
11111110000000011111100000000000000000000000000
11111110000000000000001111111000000000000000000
00000000111111111111100000000000000000000000000
00000000111111000000001111111000000000000000000
00000000000000011111111111111000000000000000000
00000000000000000000000000000011111111111110000
00000000000000000000000000000011111111110000111
00000000000000000000000000000011111110000111111
00000000000000000000000000000011110000111111111
00000000000000000000000000000010000111111111111
00000000000000000000000000000000011111111111111
