# 14 base index on 32, 4 mismatches 
000010011011010011110010101010
000010110010110101001100010111
000100000010010110111011100111
000110111000100011100111110000
000111000101110010001100001111
001000010011101011110001010101
001010101001011110101101000010
001100010001111101001010110010
001110101011001000010110100101
010001010110010101101001011010
010001011100000101111010100101
010011000111100000110111101000
010101111111000011010000011000
011001100110110110010010100010
011011010100000011000010111101
011101101100101000100001001101
100000000001001110101110111101
100100100011111000010101011010
100110011001001101001001001101
101000110010000101011111101000
101010001000110000000011111111
101100110000010011100100001111
101110001010100110111000011000
110001011100111011000101000010
110011100110001010011001000101
110111100100011000100010110010
111001000111010000110100000111
111011110101100101101000000000
111101001101000010001011110000
