# Merging schema 35,3 with 36,3
# Schema 70 7
000000000000000000001111111111111100000000000000000000000000000000000
000000011111110000000000001111111000000000000000000000000000000000000
000000011111111111110000000000000100000000000000000000000000000000000
000000100000001111110000001111111000000000000000000000000000000000000
000000100000001111111111110000000100000000000000000000000000000000000
000000111111110000001111110000000000000000000000000000000000000000000
111111000100000010000100100001110100000000000000000000000000000000000
111111001011001000010001001010000000000000000000000000000000000000000
111111010000110000101010010000001000000000000000000000000000000000000
111111100000000111000000000101110000000000000000000000000000000000000
111111100100000101000100100100000100000000000000000000000000000000000
000000000000000000000000000000000000000000000000000000011111111111111
000000000000000000000000000000000000000000111111100000000000011111110
000000000000000000000000000000000000000000111111111111100000000000001
000000000000000000000000000000000000000001000000011111100000011111110
000000000000000000000000000000000000000001000000011111111111100000001
000000000000000000000000000000000000000001111111100000011111100000000
000000000000000000000000000000000011111110000000001011001010000001001
000000000000000000000000000000000011111110001011000000100001011000000
000000000000000000000000000000000011111110110000100000000100100010100
000000000000000000000000000000000011111111000100010100010000000100010
