# 14 base index on 30, 8 mismatches 
00000000010010000111111111111
00000000000001011011111111111
00000000010010001101111111111
00100000000100100110111111111
00000000010010001111011111111
00100000000100100111011111111
00110000100010001001011111111
11000100000000001001011111111
01000010011000010001011111111
00110000110000001100011111111
01000010001010010100011111111
10000111000101000000011111111
00000000000001011111101111111
00100000000100100111101111111
00110000100010001001101111111
01000010011000010001101111111
10000001100001001100101111111
00110110010100000000101111111
10000001100000010111001111111
10001011010000100000001111111
00011011001011000000001111111
01101000101100000000001111111
00000000000001011111110111111
11000100000000001001110111111
10000001100001001100110111111
00110000110000001100110111111
01000010001010010100110111111
00100001001010100000110111111
10110001010001000000110111111
10000001100000010111010111111
00100000010110100011010111111
01011001000001010100010111111
10001011010000100000010111111
01101000101100000000010111111
00000001011100000011100111111
00011100100000010001100111111
00010110010000100110100111111
11101000010000010100100111111
00011100100001001010000111111
10010001000110111000000111111
00000001011101011000000111111
10010000011011100000000111111
00000000000001011111111011111
00000000010010001111111011111
00110000100010001001111011111
11000100000000001001111011111
00000110100100001100111011111
00110000110000001100111011111
00001101001000111000011011111
00001100010101100000011011111
10011100001110000000011011111
01101000101100000000011011111
10101010001000000101101011111
00110000100011010010101011111
10100001100100110001001011111
01010100001001101100001011111
11000100010010001100001011111
10010001000110111000001011111
00000001011101011000001011111
11000100000001010010110011111
00111010000001100000110011111
10101010011010000000110011111
00111000000000111011010011111
01101001110000000011100011111
00000110110110001001100011111
10011101000000000110100011111
01100011000000110100100011111
00001100000111100101000011111
10011100011100000101000011111
00000111101010001010000011111
00000110110111010010000011111
01101001110001011000000011111
00110000100010001001111101111
01000010011000010001111101111
10000001100001001100111101111
00100000010110100011011101111
00010000110100101010011101111
10000001110010010010011101111
10011100001110000000011101111
00101100000011000011001101111
01000011000101001001001101111
10100001100100110001001101111
01001000101000100110001101111
00011100100001001010001101111
01010100001001101100001101111
10010001000110111000001101111
00000001011101011000001101111
00100110100000101010110101111
11000100000001010010110101111
11011000100000011000110101111
00111010000001100000110101111
01001001100110100000110101111
01000010001011001011010101111
10001010001100100011100101111
00000110110110001001100101111
01110100001100010001100101111
00010000100111110100100101111
10000000111100010100100101111
00110110010100000001111001111
00000000010011011110111001111
00000001001110000110111001111
01011001000001010100111001111
00001011001110110000011001111
10010000011011100000011001111
11000010100100000101101001111
00110110010100000110101001111
01011001010010001010101001111
11001000010100110010101001111
00110110010100011000101001111
00110110010101100000101001111
00110110011110000000101001111
00110111110100000000101001111
01111110010100000000101001111
10110110010100000000101001111
11000100000100100111001001111
01011001000001010111010001111
11000011101010000011010001111
10101100101100001001010001111
10100111000001100110010001111
01011001000001111100010001111
11001000000111101100010001111
01011000011100001100010001111
01011001000111010100010001111
01011001011001010100010001111
01011011100001010100010001111
01111101000001010100010001111
11011001000001010100010001111
10010000011011100001100001111
00001010110000110111000001111
01100100101011100101000001111
11110100110000000101000001111
10010000011011100110000001111
01101111000110001010000001111
11111110000000110010000001111
10010000011011111000000001111
10010000111111100000000001111
10010011011011100000000001111
10011100011011100000000001111
11110000011011100000000001111
11000100000000001001111110111
10000001100001001100111110111
00110000110000001100111110111
01000010001010010100111110111
10110001010001000000111110111
00100000010110100011011110111
10001011010000100000011110111
10011100001110000000011110111
01000010011001001010101110111
01000011000100010010101110111
00101100000010011000101110111
10100001100100110001001110111
00011100100001001010001110111
01010100001001101100001110111
00000001011101011000001110111
00100110100000101010110110111
00111010000001100000110110111
11011000100001000011010110111
00101100010001000110010110111
00000110110110001001100110111
00010000100110101111000110111
00010001111010100101000110111
10001010001101111000000110111
10010000001001100101011010111
00001010100010110010011010111
01100100111001100000011010111
00110111001000000011001010111
01011000001110001001001010111
01011001010011010001001010111
11000011111000000110001010111
10010001010100111100001010111
01100101100100110000001010111
01011001000000001111110010111
00110110000110000101110010111
11000010110110000000110010111
10010001000111100011100010111
11011010000001101001100010111
00001010110001101100100010111
00001011101100110100100010111
11110100110000000101000010111
11101000000010010001111100111
01101001110000000011101100111
00100000000101111101101100111
00100001011000100101101100111
10011101000000000110101100111
11010101101000100000101100111
00101001011110001001001100111
01001111010000101001010100111
10110011000000101100010100111
11101000010001001111000100111
10000110001010011101000100111
10000111010111000101000100111
00011101111100010010000100111
11100101001011100010000100111
01110010111010011000000100111
01110011100111000000000100111
00000110100101010111011000111
11110011001000001010011000111
10100000111001101001001000111
00111001001110100110001000111
11010010010101010010001000111
10001100111110001100001000111
01101001110000000111110000111
10011101000000000111110000111
00100000101010110011110000111
01010100011010110010110000111
01101001110000011011100000111
01101001110001100011100000111
01101001110110000011100000111
01101011111000000011100000111
01111101110000000011100000111
11101001110000000011100000111
00000111101011010001100000111
10011101000000011110100000111
10011101000001100110100000111
10011101000110000110100000111
10011101011000000110100000111
10011111100000000110100000111
11111101000000000110100000111
11110010000110001100100000111
00000000000001011111111111011
11000100000000001001111111011
01000010011000010001111111011
10000001100001001100111111011
00110000110000001100111111011
10110001010001000000111111011
10000001100000010111011111011
00100000010110100011011111011
01101000101100000000011111011
01010100001001101100001111011
01001001110100100100001111011
10010001000110111000001111011
00100110100000101010110111011
11000100000001010010110111011
00011011001011000000110111011
00100110100001110001010111011
00000110110110001001100111011
00011011001011000011000111011
01110101010000010010000111011
00011011001011001100000111011
00011011001011110000000111011
00011011011111000000000111011
00011111101011000000000111011
01111011001011000000000111011
10011011001011000000000111011
01100011010100000101011011011
10011010100100001010011011011
10100001000101101010101011011
00000000001111111011100011011
00000000110011111011100011011
00000001010101111011100011011
00000001101001111011100011011
00000001100111011011100011011
00000001011011011011100011011
00000000111101011011100011011
00011110000001011011100011011
01100110000001011011100011011
10000110000001011011100011011
10101010000001011011100011011
01001010000001011011100011011
00110010000001011011100011011
11010010000001011011100011011
00101100000001011011100011011
11001100000001011011100011011
10110100000001011011100011011
01010100000001011011100011011
01111000000001011011100011011
10011000000001011011100011011
11100000000001011011100011011
10011010101010001100100011011
11000001011010001111000011011
11110100110000000101000011011
00001100010101100000111101011
10101010011010000000111101011
00101010010101001010101101011
01100011000000110100101101011
01000100101110011000101101011
00111101000100100000101101011
11011000000101001101001101011
10110001010000011011010101011
01000101100000011110010101011
01101000001010100111000101011
00010110010001111101000101011
10001100111010101010000101011
11100010100001111000000101011
00001100010101100011011001011
11101000000101100101011001011
01100010001110110010011001011
00001100010101101100011001011
00001100010111110000011001011
00001100111101100000011001011
00001111010101100000011001011
00111100010101100000011001011
11001100010101100000011001011
01011111100100000011001001011
00010001011111010001001001011
10101011010100000110001001011
11000101001111010100001001011
00110000110001010111110001011
10101010011010000011110001011
01100011000000110101110001011
01010110101010000101110001011
10101010011010001100110001011
10101010011010110000110001011
10101010011111000000110001011
10101011111010000000110001011
10111110011010000000110001011
11101010011010000000110001011
10010111110000110001100001011
01100011000000111110100001011
00001101011011100110100001011
01100011000011110100100001011
01100011001100110100100001011
01100011110000110100100001011
01101111000000110100100001011
11110011000000110100100001011
00000000101110010001111110011
00010110010000100110111110011
00000001001110000110111110011
11001000010100110010101110011
01000100101111000011001110011
00101010110100010001001110011
00110000010111000110001110011
01101001000101110010001110011
11011110000100010100001110011
01000101100001000101110110011
01010111000010010000110110011
10100111000001100110010110011
00010110010000101111100110011
11100010100000100011100110011
00010110010001110110100110011
00010110010110100110100110011
00010110111000100110100110011
00011111010000100110100110011
01110110010000100110100110011
10010110010000100110100110011
01100010001101001001111010011
01110100011100010100011010011
01001110100101011000101010011
10001001010101010101001010011
00010010111110101100001010011
00100011011010010101110010011
00110000110000111111010010011
11000100000000111111010010011
00110000110011001111010010011
11000100000011001111010010011
11000100000101011011010010011
11000100000110101011010010011
00110000110101011101010010011
11000100000110011101010010011
11000100000101101101010010011
00110000110110101101010010011
11000100000011111001010010011
11000101111000001001010010011
11001110011000001001010010011
11110100011000001001010010011
11010110101000001001010010011
11101100101000001001010010011
11100111001000001001010010011
11011101001000001001010010011
11100110110000001001010010011
11011100110000001001010010011
11010111010000001001010010011
11101101010000001001010010011
11001111100000001001010010011
11110101100000001001010010011
11111110000000001001010010011
00110000110110011110010010011
00110000110101101110010010011
00110000110011111100010010011
00110111111000001100010010011
01111001111000001100010010011
10110001111000001100010010011
10111010111000001100010010011
01110010111000001100010010011
00111100111000001100010010011
11110100111000001100010010011
00111011110000001100010010011
11110011110000001100010010011
10111101110000001100010010011
01110101110000001100010010011
01111110110000001100010010011
10110110110000001100010010011
11111000110000001100010010011
01100011000001101111000010011
00001101011010111101000010011
10010111110001101010000010011
10101001101010111000000010011
00011010000100011101011100011
10000000101111001010011100011
11001010110100011000011100011
11010001011110100001001100011
00100111001110101000001100011
10000001100001111111100100011
10000001100111001111100100011
00011011001010011011100100011
10000001101011011101100100011
10000001101101101101100100011
01110101010001001001100100011
10000001101101011110100100011
10000001101011101110100100011
10000001100111111100100100011
10001111110001001100100100011
10110011110001001100100100011
11000011110001001100100100011
11010101110001001100100100011
10100101110001001100100100011
10011001110001001100100100011
11101001110001001100100100011
10010111100001001100100100011
11100111100001001100100100011
11011011100001001100100100011
10101011100001001100100100011
10111101100001001100100100011
11001101100001001100100100011
11110001100001001100100100011
10101100001011110101000100011
00000001001110001111111000011
11001000010100110011111000011
00000001001110110110111000011
10100111000001100110111000011
00000001011111000110111000011
00000011101110000110111000011
00001101001110000110111000011
00110001001110000110111000011
11000001001110000110111000011
00111100100100100011101000011
11001000010100111110101000011
11001000010111110010101000011
11001000111100110010101000011
11001011010100110010101000011
11011100010100110010101000011
11101000010100110010101000011
10100110001111100000101000011
11000101111110000011001000011
10100111000001101111010000011
01010011110001100011010000011
00111101101010110001010000011
10100111000011110110010000011
10100111001101100110010000011
10100111110001100110010000011
10111111000001100110010000011
11100111000001100110010000011
11001001011010110100010000011
10011010101011010111000000011
01101110011011010010000000011
00100000000100100111111111101
00110000100010001001111111101
01000010001010010100111111101
10110001010001000000111111101
10000001100000010111011111101
10001011010000100000011111101
10011100001110000000011111101
10100001100100110001001111101
00011100100001001010001111101
01001000001001110100001111101
10010001000110111000001111101
00100110100000101010110111101
11000100000001010010110111101
00111010000001100000110111101
00011010010110011000000111101
00000001011100000011111011101
10010010101001010010011011101
01010001000011100110001011101
01000000000110110111110011101
00000001011100001111100011101
00000001011100110011100011101
00000001011111000011100011101
00000011111100000011100011101
00001101011100000011100011101
00110001011100000011100011101
11000001011100000011100011101
11110101000100000110100011101
11110100110000000101000011101
00010110000010100011111101101
00001101001000111000111101101
11000100010010001100011101101
00101011101000010010101101101
11000010010010100100101101101
10110000001101000011010101101
01000100111101000110010101101
01111001000001110110000101101
10001100000111110010000101101
01100100001001000111011001101
00001101001000111011011001101
00001101001001111100011001101
00001101111000111000011001101
00011111001000111000011001101
01101101001000111000011001101
10001101001000111000011001101
11000100010010001101101001101
00110000100010111111001001101
00110000100111001111001001101
00110000101011011011001001101
00110000101110101011001001101
10100110010011100011001001101
00110000101110011101001001101
00110000101011101101001001101
00110000100111111001001001101
00110111110010001001001001101
01111001110010001001001001101
10110001110010001001001001101
10111010110010001001001001101
01110010110010001001001001101
00111100110010001001001001101
11110100110010001001001001101
00111011100010001001001001101
11110011100010001001001001101
10111101100010001001001001101
01110101100010001001001001101
01111110100010001001001001101
10110110100010001001001001101
11111000100010001001001001101
11000100010010011110001001101
11000100011110001100001001101
11000101110010001100001001101
11001110010010001100001001101
11110100010010001100001001101
10101101010001010001010001101
10101010000111011000010001101
00111100010110110000010001101
01100010011101101100100001101
10101010001000000101111110101
00000000010011011110111110101
01001001100110100000111110101
01110100001100010001101110101
10000000111100010100101110101
01000001110010010011001110101
00001100000111100101001110101
10110001000010011110001110101
01011010010001001010110110101
00100111001100101001010110101
00010111001001001010100110101
01101111000110001010000110101
01010100000011001100111010101
00010111100010010100111010101
10101010001000001111101010101
10101010001000110101101010101
10101010001011000101101010101
10101010011100000101101010101
10101011101000000101101010101
10111110001000000101101010101
11101010001000000101101010101
10100100011001111000101010101
01011110111000000000101010101
00001100000111100101110010101
11000101011101010001010010101
00110001101101010100010010101
00001100000111101111000010101
00001100001111110101000010101
00001100110111100101000010101
00001111000111100101000010101
00111100000111100101000010101
11001100000111100101000010101
11111000110111100000000010101
00011011011001000101011100101
11010010000011110001001100101
00100110110011110100001100101
01110100001100010011110100101
01001001100110100011110100101
10000000111100010101110100101
01001001100110101100110100101
01001001100111110000110100101
01001001111110100000110100101
01001111100110100000110100101
01111001100110100000110100101
11001001100110100000110100101
01110100001100011101100100101
01110100001101110001100100101
01110100011110010001100100101
01110101101100010001100100101
01111110001100010001100100101
11110100001100010001100100101
10000000111100011110100100101
10000000111101110100100100101
10000001111110010100100100101
10000110111100010100100100101
10011000111100010100100100101
11100000111100010100100100101
00000000010011111111111000101
00000000011111011110111000101
00000001110011011110111000101
00000110010011011110111000101
00011000010011011110111000101
01100000010011011110111000101
10000000010011011110111000101
11100100100010011001011000101
01100011010010110001011000101
01101111000110001010011000101
00010101010001101111101000101
11001001001001101010101000101
00011101100111001100110000101
01010010101100111011010000101
10010101010110100101010000101
00100110010100111110010000101
01101111000110001011100000101
00011011110110001101000000101
01101111000110011110000000101
01101111000111101010000000101
01101111011110001010000000101
01111111100110001010000000101
11101111000110001010000000101
10000001110001001001111111001
11101000000010010001111111001
01000010011001001010111111001
00101100000011000011011111001
10010000001001100101011111001
01010010101000011001011111001
10000110011000011000011111001
01100100111001100000011111001
10001010001100100011101111001
00100001011000100101101111001
11010101101000100000101111001
00010000100110101111001111001
01011001010011010001001111001
00000110110111010010001111001
01001111000010101100001111001
00110110000110000101110111001
00100000010111111000110111001
11000010110110000000110111001
10101100101100001001010111001
01011000011100001100010111001
11010011001100001100010111001
00011101011101000001100111001
00001011101100110100100111001
10000111010111000101000111001
11101010100110011000000111001
01110011100111000000000111001
01101001100010000110111011001
11110011001000001010011011001
01010100001000110111101011001
10001101010010000011101011001
10100000111000110010101011001
00000110110111010010110011001
00111011001101000011010011001
00000110110111010111000011001
00000110110111111010000011001
00000111111111010010000011001
00011110110111010010000011001
01100110110111010010000011001
10000110110111010010000011001
00010001101001110010011101001
00101100000011000111101101001
00101100000011011011001101001
00101100011011000011001101001
00101101100011000011001101001
00111110000011000011001101001
11101100000011000011001101001
11011000110011000110001101001
10001010001100100111110101001
10001010001100111011100101001
00001011010001101011100101001
10001010001111100011100101001
10001010111100100011100101001
10001111001100100011100101001
10111010001100100011100101001
11001010001100100011100101001
11100001001101001100100101001
00001010100011101001111001001
10101100101100001001111001001
01011000011100001100111001001
11100001011000110101011001001
11000011111000001101101001001
11100100010011101100101001001
00110111001001011000101001001
10010001000110111011110001001
10010001000111111100110001001
00111101101010101000110001001
01011000011100001111010001001
10101100101100001111010001001
10010001001110111101010001001
10101100101100111001010001001
10101100101111001001010001001
10101101111100001001010001001
10111110101100001001010001001
11101100101100001001010001001
10010001001111111010010001001
01011000011100111100010001001
01011000011111001100010001001
01011001111100001100010001001
01011110011100001100010001001
11111000011100001100010001001
10010001001111111001100001001
10010001001110111110100001001
10010001000111111111000001001
01100101110100110101000001001
10010110101101101001000001001
10010111110110111000000001001
10111001110110111000000001001
11010001110110111000000001001
11011011010110111000000001001
10110011010110111000000001001
10011101010110111000000001001
11110101010110111000000001001
10011011100110111000000001001
11110011100110111000000001001
11011101100110111000000001001
10110101100110111000000001001
10111111000110111000000001001
11010111000110111000000001001
11111001000110111000000001001
10001000101000101111011110001
01101000011000101010011110001
01000010011001001111101110001
00110010101001001011101110001
01000010011001111010101110001
01000010011111001010101110001
01000011111001001010101110001
01001110011001001010101110001
11000010011001001010101110001
10100011010010101001001110001
00010000100110101111110110001
00101000100011001101110110001
00001011000011010110110110001
00101101001100011110010110001
00010000100111111111000110001
00010000111110101111000110001
00010011100110101111000110001
00011100100110101111000110001
01110000100110101111000110001
10010000100110101111000110001
11100100010110101010000110001
10010000001001100111111010001
00110110000110000111111010001
01011001010011010001111010001
01100100111001100001111010001
11000010110110000001111010001
00001011101100110100111010001
10010000001001111101011010001
10010000001111100101011010001
10010000111001100101011010001
10010011001001100101011010001
10011100001001100101011010001
11110000001001100101011010001
01100100111001100110011010001
01100100111001111000011010001
01100100111111100000011010001
01100111111001100000011010001
01111100111001100000011010001
11100100111001100000011010001
01011001010011010111001010001
01011001010011111001001010001
01011001011111010001001010001
01011011110011010001001010001
01111101010011010001001010001
11011001010011010001001010001
10101101100011010100001010001
00110110000110011101110010001
00110110000111100101110010001
00110110011110000101110010001
01111110000110000101110010001
10110110000110000101110010001
11000010110110000110110010001
11000010110110011000110010001
11000010110111100000110010001
11000011111110000000110010001
11001110110110000000110010001
11110010110110000000110010001
11001001110100001011010010001
00001011101100110111100010001
11100011011100110001100010001
00001011101101111100100010001
00001011111110110100100010001
00011111101100110100100010001
01101011101100110100100010001
10001011101100110100100010001
11101000000010010111111100001
00100001011000100111111100001
11101000000010111001111100001
11101000000111010001111100001
11101000011010010001111100001
11101001100010010001111100001
11101110000010010001111100001
11111000000010010001111100001
11010101101000100001111100001
11110011001000001010111100001
00011100110010010100111100001
10000111010111000101011100001
01110011100111000000011100001
00100001011000111101101100001
00100001011011100101101100001
00100001111100100101101100001
00100111011000100101101100001
00111001011000100101101100001
11010101101000100110101100001
11010101101000111000101100001
11010101101011100000101100001
11010101111100100000101100001
11011111101000100000101100001
11110101101000100000101100001
01000001010110010111110100001
10110111100110010000110100001
01001110001101110001010100001
10101010101101110100010100001
10000111010111000111100100001
01110011100111000001100100001
11010100100101111000100100001
10000111010111011101000100001
10000111011111100101000100001
10001111110111000101000100001
10110111010111000101000100001
11000111010111000101000100001
01110011100111000110000100001
01110011100111011000000100001
01110011101111100000000100001
01110111110111000000000100001
11111011100111000000000100001
00000111111000001111011000001
11110011001000001111011000001
11110011001000111010011000001
11110011001011001010011000001
11110011011100001010011000001
11110111101000001010011000001
11111011001000001010011000001
11001110100010111011001000001
00111010010010111110001000001
10100000110101101111110000001
01010101000111101010110000001
01101000101101011011100000001
10011100011101011110100000001
00000000010010001111111111110
00100000000100100111111111110
01000010011000010001111111110
01000010001010010100111111110
10110001010001000000111111110
10000001100000010111011111110
00100000010110100011011111110
10001011010000100000011111110
10011100001110000000011111110
01101000101100000000011111110
10100001100100110001001111110
00011100100001001010001111110
01010100001001101100001111110
00000001011101011000001111110
00100110100000101010110111110
11000100000001010010110111110
00111010000001100000110111110
00000110110110001001100111110
00000000111101000111000111110
01110100001101001010000111110
00000000010111110101011011110
00000000111010110101011011110
00000001011011010101011011110
00000001110110010101011011110
00000001110011100101011011110
00000001011110100101011011110
00000000111111000101011011110
00011110010010000101011011110
01100110010010000101011011110
10000110010010000101011011110
10101010010010000101011011110
01001010010010000101011011110
00110010010010000101011011110
11010010010010000101011011110
00101100010010000101011011110
11001100010010000101011011110
10110100010010000101011011110
01010100010010000101011011110
01111000010010000101011011110
10011000010010000101011011110
11100000010010000101011011110
11110100100010000000011011110
11001001001000110001001011110
01010010101101100000110011110
10000110011101100000010011110
01001111000110010001100011110
11110100110000000101000011110
11001110110000101010000011110
10110001000011000101101101110
10001000101001110100101101110
01000101110011000000101101110
00101010100110010100010101110
00010111001100100101000101110
11100011111100100000000101110
01100001010011101010011001110
10010011100001101100011001110
10101010001001011110001001110
00111101111000100100001001110
11000101011100001010110001110
00001100000110111110100001110
01111000010110101011000001110
11011110010110010001000001110
00110000100011010010111110110
10000001110010010010111110110
01001000101000100110011110110
00010110000011111000011110110
00100110110000000111101110110
00101011101001001001001110110
01000100101100010101110110110
10110000001100011000110110110
11001000000111101100010110110
10001100100110101001100110110
00001101001001100011111010110
00110000100011010111101010110
11000100010011000011101010110
00110000100011111010101010110
00110000101111010010101010110
00110001110011010010101010110
00110110100011010010101010110
01111000100011010010101010110
10110000100011010010101010110
11000011101011001000110010110
10101011000110000011010010110
01011001010110101100100010110
01100010011100110111000010110
10010110101100110010000010110
10000001110010010111011100110
10000001110010111010011100110
10000001110111010010011100110
10000011111010010010011100110
10001101110010010010011100110
10110001110010010010011100110
11000001110010010010011100110
01001000101000100111101100110
10111100011000100011001100110
01001000101000111110001100110
01001000101011100110001100110
01001000111100100110001100110
01001011101000100110001100110
01011100101000100110001100110
11101000101000100110001100110
00100110111001000010110100110
01110101000010010101010100110
00011010010111000011100100110
11101100100111000100100100110
10011010111000001001111000110
11001000000111101100111000110
01101110001000001100111000110
10100111010010111000101000110
00000001011101011011110000110
00000001011101111100110000110
11001000000111101111010000110
00000001011111011101010000110
00011000110111101001010000110
00000001011111111010010000110
11001000001111111100010000110
11001000110111101100010000110
11001011000111101100010000110
11011100000111101100010000110
11101000000111101100010000110
00000001011111111001100000110
00000001011111011110100000110
00000001011101111111000000110
01010011100010111101000000110
11100100101101011101000000110
00001111111101011000000000110
00110011111101011000000000110
11000011111101011000000000110
01010101111101011000000000110
10100101111101011000000000110
10011001111101011000000000110
01101001111101011000000000110
10010111011101011000000000110
01100111011101011000000000110
01011011011101011000000000110
10101011011101011000000000110
00111101011101011000000000110
11001101011101011000000000110
11110001011101011000000000110
00101100000010011000111111010
11101000000011001010011111010
00001010100010110010011111010
01011001010010001010101111010
00010000100111110100101111010
00110111001000000011001111010
10011100011100000101001111010
00000001011001111010001111010
11000101101000011010001111010
11010010000010101010001111010
10010001000111100011100111010
00001110001100101010100111010
00001100100011001111000111010
00011101111100010010000111010
10110011000001010001111011010
00111010000011000101101011010
11001110100011100000101011010
10000110001100111001001011010
10100000111001101001001011010
10011100011100000101110011010
01010101000110110001010011010
11010010010001110100010011010
10100001110110110100010011010
01101000101100000111100011010
01101000101100011001100011010
10000011010110011110100011010
01101000101100101010100011010
11110010000110001100100011010
01101000101100110100100011010
00010011110110010100100011010
10011100011100001111000011010
01101000101100110011000011010
01101000101100101101000011010
10011100011100110101000011010
10011100011111000101000011010
10011101111100000101000011010
10111110011100000101000011010
11011100011100000101000011010
01101000101100011110000011010
01101001111111000000000011010
01101110101111000000000011010
11111000101111000000000011010
01111010111101000000000011010
11101100111101000000000011010
11101011101101000000000011010
01111101101101000000000011010
11101010111110000000000011010
01111100111110000000000011010
01111011101110000000000011010
11101101101110000000000011010
01101111111100000000000011010
11111001111100000000000011010
11111110101100000000000011010
10001011000010100101011101010
01010111110010100000011101010
01000010011000111111001101010
01000010011011010111001101010
01000010011101011011001101010
01000010011110110011001101010
01000010011110011101001101010
01000010011101110101001101010
01000010011011111001001101010
01001111111000010001001101010
01110011111000010001001101010
11000011111000010001001101010
11010110111000010001001101010
01100110111000010001001101010
01011010111000010001001101010
11101010111000010001001101010
01010111011000010001001101010
11100111011000010001001101010
11011011011000010001001101010
01101011011000010001001101010
01111110011000010001001101010
11001110011000010001001101010
11110010011000010001001101010
10110110101000010100001101010
00010000100111110101110101010
00101101001101000101110101010
01110000011001010001110101010
11011001001101000000110101010
00010000100111111110100101010
01100011100010011010100101010
00010000111111110100100101010
00010011100111110100100101010
00011100100111110100100101010
01110000100111110100100101010
10010000100111110100100101010
11100100010111110000000101010
01000100111000101011111001010
01011001010010001011111001010
10010000001000111110111001010
10101101100010000101101001010
01011001010010011110101001010
01011001010011101010101001010
01011001011110001010101001010
01011011110010001010101001010
01111101010010001010101001010
11011001010010001010101001010
00110110000111011110010001010
00001011101101101111000001010
11001110011101101010000001010
00010001101000101001111110010
00101100000010011011101110010
00101100000010111100101110010
11011000110000011100101110010
11100101011000100100101110010
00101100000111011000101110010
00101100011010011000101110010
00101101100010011000101110010
00111110000010011000101110010
11101100000010011000101110010
10001010011100100110110110010
10001010001101111000110110010
01000011010111001100010110010
10001010001101111011000110010
10001010001111111100000110010
11001111011001000100000110010
10001010111101111000000110010
10001111001101111000000110010
10111010001101111000000110010
11001010001101111000000110010
00001010100010110011111010010
10010001000111100011111010010
00110111001000000011111010010
11000011111000000110111010010
11100010010010110101011010010
00001010100010111110011010010
00001010100111110010011010010
00001010111010110010011010010
00001111100010110010011010010
00111010100010110010011010010
11001010100010110010011010010
11000011111000001111001010010
00110111001000001111001010010
00110111001000110011001010010
00110111001011000011001010010
00110111011100000011001010010
00111111101000000011001010010
11110111001000000011001010010
11000011111000110110001010010
11000011111011000110001010010
11000111111100000110001010010
11011011111000000110001010010
11100011111000000110001010010
10101100101101010010110010010
10010001000111101111100010010
10010001001111110011100010010
10010001110111100011100010010
10010111000111100011100010010
10111001000111100011100010010
11010001000111100011100010010
10000110011001000011111100010
01110010101001000110111100010
10100000111001101001011100010
00011101111100010010011100010
01001011000010110111101100010
11110010000110001100101100010
00100000010110111111110100010
00100000011111100111110100010
00100000110111101011110100010
00100000111110110011110100010
01001000111011110000110100010
00100000111110101111010100010
00100000110111110111010100010
00100000011111111011010100010
00101111010110100011010100010
01110011010110100011010100010
10100011010110100011010100010
10110101010110100011010100010
01100101010110100011010100010
00111001010110100011010100010
11101001010110100011010100010
00110110010110100011010100010
11100110010110100011010100010
10111010010110100011010100010
01101010010110100011010100010
01111100010110100011010100010
10101100010110100011010100010
11110000010110100011010100010
11010100100110100110010100010
00011101111100010011100100010
11101001001100010111000100010
00011101111100011110000100010
00011101111101110010000100010
00011111111110010010000100010
01111101111100010010000100010
10011101111100010010000100010
01010100001001101111111000010
00000110110110001111111000010
00000110110110111001111000010
01010100001011111100111000010
01010100001101111101011000010
01101001100011011101011000010
01010100001111101110011000010
10011101010011011000011000010
00000110110111011011101000010
10100000111001101011101000010
01010100001111101101101000010
00000110110111101101101000010
01010100001101111110101000010
01010100001011111111001000010
10100000111001111101001000010
10100000111111101001001000010
10100011111001101001001000010
10101100111001101001001000010
11110000111001101001001000010
01010111111001101100001000010
01111100111001101100001000010
11010100111001101100001000010
11011101011001101100001000010
01110101011001101100001000010
01011110011001101100001000010
11110110011001101100001000010
01011101101001101100001000010
11110101101001101100001000010
11011110101001101100001000010
01110110101001101100001000010
01111111001001101100001000010
11010111001001101100001000010
11111100001001101100001000010
00000110110111101011110000010
00000110110111011101110000010
11110010000110001101110000010
01011000011101010110110000010
00111011011100111000110000010
01001101101100111001010000010
00000110110110111111100000010
00011111111110001001100000010
01100111111110001001100000010
10000111111110001001100000010
10101110111110001001100000010
01001110111110001001100000010
00110110111110001001100000010
11010110111110001001100000010
00101111110110001001100000010
11001111110110001001100000010
10110111110110001001100000010
01010111110110001001100000010
01111110110110001001100000010
10011110110110001001100000010
11100110110110001001100000010
11110010000110011110100000010
11110010000111101100100000010
11110010011110001100100000010
11110011100110001100100000010
11111110000110001100100000010
00000110100100001101111111100
11011000100000011000111111100
01000011000101001001011111100
01000100101110011000101111100
11010000110000100011001111100
11001000010101101001001111100
00101010110100010001001111100
00100000000111111110001111100
00100000011100111110001111100
00100000101101101110001111100
00100000110110101110001111100
00100000110101110110001111100
00100000101110110110001111100
00100000011111100110001111100
00101111000100100110001111100
01110011000100100110001111100
10100011000100100110001111100
10110101000100100110001111100
01100101000100100110001111100
00111001000100100110001111100
11101001000100100110001111100
00110110000100100110001111100
11100110000100100110001111100
10111010000100100110001111100
01101010000100100110001111100
01111100000100100110001111100
10101100000100100110001111100
11110000000100100110001111100
01110101010000010010001111100
11011110000100010100001111100
01101001110001011000001111100
01011001000000001111110111100
01000101100001000101110111100
11000011101010000011010111100
00001001000111111010010111100
10000110001011000110100111100
10011010101010001100100111100
11101000010001001111000111100
00001010110000110111000111100
00010110010001111101000111100
11111110000000110010000111100
11100010100001111000000111100
00000110100100011110111011100
00000110100101101100111011100
00000110101110001100111011100
00000111110100001100111011100
00011110100100001100111011100
01100110100100001100111011100
10000110100100001100111011100
01100010001110110010011011100
00001011001110111000101011100
01011111100100000011001011100
10101011010100000110001011100
01010101010100110100001011100
00110000110001010111110011100
01101001110001011000110011100
01010100011011101001010011100
10100000101011101100010011100
00000111101011010001100011100
00001101011011100110100011100
01100011000001101111000011100
01101001110001011011000011100
10011101000001011101000011100
10010111110001101010000011100
01101001110001111100000011100
01101001110111011000000011100
01101011111001011000000011100
01111101110001011000000011100
11101001110001011000000011100
10000000101111001010011101100
01000011000101001011101101100
00011011011000010110101101100
01000011000101011101001101100
01000011000111101001001101100
01000011011101001001001101100
01000111100101001001001101100
01011011000101001001001101100
11100011000101001001001101100
10001010001111110001001101100
11001001001110010010001101100
00110110110101001100001101100
11011000100000011011110101100
00101100010000011101110101100
11011000100000111100110101100
11011000100011011000110101100
11011000101100011000110101100
11011001110000011000110101100
11011110100000011000110101100
11111000100000011000110101100
00011011001010011011100101100
11100101001010101001100101100
00010001111010101100100101100
11000011101010000011111001100
10010001010101100110111001100
00001010110000110111011001100
11111110000000110010011001100
01100101000101100011101001100
01011000001111010010101001100
10100110001111100000101001100
01011110101001011000001001100
00110001100100001111110001100
11000011101010001111010001100
11000011101010110011010001100
11000011101111000011010001100
11000111111010000011010001100
11011011101010000011010001100
11100011101010000011010001100
00111101101010110001010001100
00110111011010000110010001100
11001001011010110100010001100
00001010110000111111100001100
11111110000000110011100001100
00001010110011110111000001100
00001010111100110111000001100
00001111110000110111000001100
00111010110000110111000001100
11001010110000110111000001100
11111110000000111110000001100
11111110000011110010000001100
11111110001100110010000001100
11111110110000110010000001100
11111111000000110010000001100
00010000110101110001111110100
00101101011111000000101110100
01001111000001110010110110100
01000010001010111111010110100
01000010001111010111010110100
01000010011011011101010110100
01000010011110110101010110100
10010110011010010001010110100
01000010011110011110010110100
01000010011011110110010110100
01000010001111111100010110100
01001111101010010100010110100
01110011101010010100010110100
11000011101010010100010110100
11010110101010010100010110100
01100110101010010100010110100
01011010101010010100010110100
11101010101010010100010110100
01010111001010010100010110100
11100111001010010100010110100
11011011001010010100010110100
01101011001010010100010110100
01111110001010010100010110100
11001110001010010100010110100
11110010001010010100010110100
10001011010000100111100110100
10001011010000111001100110100
10001011010001101010100110100
10001011010001110100100110100
10001011010001110011000110100
10001011010001101101000110100
01111111100000100101000110100
10001011010000111110000110100
10001011111110100000000110100
10011111010110100000000110100
11101011010110100000000110100
10101111011010100000000110100
11011011011010100000000110100
11001111110010100000000110100
10111011110010100000000110100
11001111011100100000000110100
10111011011100100000000110100
10101111110100100000000110100
11011011110100100000000110100
10011111111000100000000110100
11101011111000100000000110100
11111111010000100000000110100
01011001000000011111111010100
01110010010100001001111010100
11011001101001000100101010100
00110110010101011011001010100
11000010100101011110001010100
01011001000001101111110010100
01011001000110001111110010100
01011001011000001111110010100
01011011100000001111110010100
01111101000000001111110010100
11011001000000001111110010100
10101101110000001010110010100
00011111110110000110010010100
10010000011010111011100010100
01100100101010111110100010100
10000111000100011011111100100
11101000010001001111011100100
01010101010100110100011100100
11101101101001000000011100100
00000111101011010001101100100
10110010101110101010001100100
00011100100001001111110100100
00011100100001111010110100100
00100001001011111011010100100
00011100100011011011010100100
11010001011001011110010100100
00011100100011101110010100100
11101000010001011111100100100
11010011000001110111100100100
00011100100011101011100100100
00011100100011011110100100100
00011100100001111111000100100
11101000010011101111000100100
11101000011101001111000100100
11101001110001001111000100100
11101110010001001111000100100
11111000010001001111000100100
00011101111101001010000100100
00111110101101001010000100100
11011100101101001010000100100
01011110110101001010000100100
10111100110101001010000100100
10011111100101001010000100100
01111101100101001010000100100
10011110111001001010000100100
01111100111001001010000100100
01011111101001001010000100100
10111101101001001010000100100
00111111110001001010000100100
11011101110001001010000100100
11111110100001001010000100100
10100001100100110111111000100
00111010000001100111111000100
10011100001110000111111000100
10100001100101111001111000100
00111010000001111001111000100
10011100001110011001111000100
00111010000011101010111000100
10011100001110101010111000100
00111010000011110100111000100
10011100001110110100111000100
10100001100110111011011000100
10011100001110110011011000100
10011100001110101101011000100
10100001100111110101011000100
01101000111110000101011000100
10011100001110011110011000100
10011101111111000000011000100
10111110011111000000011000100
11011100011111000000011000100
11011110101111000000011000100
10111100101111000000011000100
10011111001111000000011000100
11111101001111000000011000100
10011110111110000000011000100
11111100111110000000011000100
11011111011110000000011000100
10111101011110000000011000100
10111111101110000000011000100
11011101101110000000011000100
11111110001110000000011000100
10100001100111110011101000100
10100001100110111101101000100
01010101010100110101101000100
10100001100101111111001000100
10100111111100110001001000100
10111001111100110001001000100
11100001111100110001001000100
11101011101100110001001000100
10110011101100110001001000100
10101101101100110001001000100
11110101101100110001001000100
10101011110100110001001000100
11110011110100110001001000100
11101101110100110001001000100
10110101110100110001001000100
10111111100100110001001000100
11100111100100110001001000100
11111001100100110001001000100
01010101010100111110001000100
01010101010111110100001000100
01010101111100110100001000100
01011111010100110100001000100
11110101010100110100001000100
00111010000011110011110000100
00000111101011010011110000100
00111010000011101101110000100
11001110110001100101110000100
00111010000001111110110000100
00111010111101100000110000100
00111111001101100000110000100
11111010001101100000110000100
01111011010101100000110000100
10111110010101100000110000100
10111011100101100000110000100
01111110100101100000110000100
10111011011001100000110000100
01111110011001100000110000100
01111011101001100000110000100
10111110101001100000110000100
00111111110001100000110000100
11111010110001100000110000100
11111111000001100000110000100
00001011111111101010010000100
00000111101011011101100000100
00000111101111110001100000100
00001111111011010001100000100
00110111101011010001100000100
11000111101011010001100000100
11110011011011010100100000100
00011010000101000110111111000
11010011011001000010101111000
00000101101110010111001111000
01110101010000010010110111000
01001000111010100011010111000
10111100001010100110010111000
10000001100001111111100111000
10000001100110011111100111000
10000001101010110111100111000
10000001101101010111100111000
01110010111011000010100111000
10000001101100111111000111000
10000001101011011111000111000
10000001100111110111000111000
10001111110000010111000111000
10110011110000010111000111000
11000011110000010111000111000
11010101110000010111000111000
10100101110000010111000111000
10011001110000010111000111000
11101001110000010111000111000
01110101010000010111000111000
10010111100000010111000111000
11100111100000010111000111000
11011011100000010111000111000
10101011100000010111000111000
10111101100000010111000111000
11001101100000010111000111000
11110001100000010111000111000
01110101010000111010000111000
01110101010011010010000111000
01110101011100010010000111000
01110111110000010010000111000
11111101010000010010000111000
11001000010101101001111011000
10011010101010001100111011000
00000011111001010100111011000
00000001001111011101011011000
01010101101110011000011011000
01101110100101000011101011000
11001000010101101111001011000
11001000010111111001001011000
11001000111101101001001011000
11001011010101101001001011000
11011100010101101001001011000
11101000010101101001001011000
00111100100101101100001011000
10100111000000111101110011000
01010011110000111000110011000
01001101101001100110010011000
10011010101010001111100011000
01101110011010001001100011000
01100100110001011110100011000
10011010101010111100100011000
10011010101111001100100011000
10011011111010001100100011000
10111110101010001100100011000
11011010101010001100100011000
11110010000111010101000011000
00110000110001010111111101000
01000100101110011001111101000
01111001000100101001111101000
01100010001110110010111101000
10001100110000101100111101000
01011111100100000011011101000
00010110010001111101011101000
10101011010100000110011101000
11100010100001111000011101000
10110000011100010101101101000
01000100101110011110101101000
00001101011011100110101101000
01000100101111111000101101000
01000101111110011000101101000
01001110101110011000101101000
01110100101110011000101101000
11000100101110011000101101000
11010111001011000001010101000
00101011111011001100010101000
00010110010001111111100101000
11100010100001111001100101000
00010110010111111101000101000
00010110111001111101000101000
00011111010001111101000101000
01110110010001111101000101000
10010110010001111101000101000
11100010100001111110000101000
11100010111001111000000101000
11100111100001111000000101000
11111010100001111000000101000
11000100000001011111111001000
11000100000011110011111001000
11000100000101110110111001000
11000100000111011010111001000
01100010001110110111011001000
01100010001111111010011001000
01100010111110110010011001000
01100111001110110010011001000
01111010001110110010011001000
11100010001110110010011001000
10010110110110100100011001000
10101011010100000111101001000
01011111100100000111101001000
00101100110111010011101001000
01011111100100011011001001000
01011111100101100011001001000
01011111101110000011001001000
01111111110100000011001001000
11011111100100000011001001000
10101011010100011110001001000
10101011010101100110001001000
10101011011110000110001001000
10101111110100000110001001000
11111011010100000110001001000
00110000110001111111110001000
00110000110111010111110001000
11000100000111010111110001000
00110001111001010111110001000
00110110110001010111110001000
01111000110001010111110001000
10110000110001010111110001000
00001101011011100111110001000
11000100000101111011110001000
11000100000011111110110001000
11000101111001010010110001000
11001110011001010010110001000
11110100011001010010110001000
11010110101001010010110001000
11101100101001010010110001000
11100111001001010010110001000
11011101001001010010110001000
11100110110001010010110001000
11011100110001010010110001000
11010111010001010010110001000
11101101010001010010110001000
11001111100001010010110001000
11110101100001010010110001000
11111110000001010010110001000
11000010100111011011010001000
11111001001010100011100001000
00001101011011111110100001000
00001101111111100110100001000
00011111011011100110100001000
01101101011011100110100001000
10001101011011100110100001000
01000101100001000111111110000
00101010110100010001111110000
10000000101111001010111110000
11011110000100010100111110000
11100100000101100100111110000
11100011101000100101011110000
00010111011110100000011110000
00011011001010011011101110000
10100110001111100000101110000
01100011000001101111001110000
00101010110100010111001110000
11011110000100010111001110000
00101010110100111001001110000
00101010110111010001001110000
00101011111100010001001110000
00111110110100010001001110000
11101010110100010001001110000
10010111110001101010001110000
11011110000100111100001110000
11011110000111010100001110000
11011110011100010100001110000
11011111100100010100001110000
11111110000100010100001110000
10110001010001001111110110000
10110001010001110011110110000
01000101100001011101110110000
10110001010011010101110110000
01000101100011100101110110000
01000101101101000101110110000
01000111110001000101110110000
01011101100001000101110110000
10110001010011101001110110000
10110001010011100110110110000
10110001010011011010110110000
10110001010001111100110110000
10110011111101000000110110000
10111101011101000000110110000
11110001011101000000110110000
11110101110101000000110110000
10111001110101000000110110000
10110111010101000000110110000
11111011010101000000110110000
10110101111001000000110110000
11111001111001000000110110000
11110111011001000000110110000
10111011011001000000110110000
10111111110001000000110110000
11110011110001000000110110000
11111101010001000000110110000
10110111100110001001010110000
00111101101010110001010110000
11001001011010110100010110000
10001100111011110001100110000
01111000001011110100100110000
00001100010100111011111010000
11000101001110001111101010000
00110001111110001010101010000
01100011000001101111110010000
10111000100100111110110010000
10010111110001101010110010000
10101010011011011011010010000
01100101110101100110100010000
01100011000011111111000010000
01100011001101101111000010000
10010111110001101111000010000
01100011110001101111000010000
01101111000001101111000010000
11110011000001101111000010000
10010111110011111010000010000
10010111111101101010000010000
10111111110001101010000010000
11010111110001101010000010000
00100110100000111111111100000
00100110100011101011111100000
11110100110000000101111100000
00100110100101101110111100000
00100110100110111010111100000
10000000101111001111011100000
01100100010111001111011100000
10000000101111111010011100000
10000001111111001010011100000
10000110101111001010011100000
10011000101111001010011100000
11100000101111001010011100000
01001100011010101101101100000
01110010110100011110101100000
10101011110010110000101100000
11110100110000001111001100000
10101101000101101011001100000
01001001110101111110001100000
00011011001010011111110100000
00100110100110101111110100000
11010010010000101111110100000
00100110100101111011110100000
00100110100011111110110100000
00101111111000101010110100000
01110110111000101010110100000
10100110111000101010110100000
10110111101000101010110100000
01100111101000101010110100000
00111110101000101010110100000
11101110101000101010110100000
00110111110000101010110100000
11100111110000101010110100000
10111110110000101010110100000
01101110110000101010110100000
01111111100000101010110100000
10101111100000101010110100000
11110110100000101010110100000
11110100110000010111010100000
00011011001011111011100100000
00011011011110011011100100000
00011111101010011011100100000
01111011001010011011100100000
10011011001010011011100100000
11110100110000011101100100000
11101101011000010110100100000
01111110111100100100000100000
00111101101010110001111000000
10011011100101010001111000000
10100110001111100001111000000
11001001011010110100111000000
01101111010101010100111000000
11110100110000011101011000000
11110100110000010111101000000
01010010111111100101101000000
10100110001111100110101000000
10100110001111111000101000000
10100110111111100000101000000
10101111001111100000101000000
11110110001111100000101000000
11110100110000001111110000000
11001001011010110111010000000
00111101101010110111010000000
00111101101011111001010000000
00111101111110110001010000000
01111111101010110001010000000
10111101101010110001010000000
01011100101011011110010000000
11001001011011111100010000000
11001001111110110100010000000
11001111011010110100010000000
11111001011010110100010000000
11110100110111100101000000000
11110101111001100101000000000
11111110110001100101000000000
11110110111010100101000000000
11111101110010100101000000000
11111100111100100101000000000
11110111110100100101000000000
11111100111011000101000000000
11110111110011000101000000000
11110110111101000101000000000
11111101110101000101000000000
11110101111110000101000000000
11111110110110000101000000000
11111111111000000101000000000
