# Merging schema 38,2 with 38,2
# Schema 75 5
00000101100000110010001110010110011000000000000000000000000000000000000000
01111010011011001001100000100000100000000000000000000000000000000000000000
10011000000110001101010001101001100000000000000000000000000000000000000000
11100010011101000100110001001001000000000000000000000000000000000000000000
00000000000000000000000000000000000000000010110000011001000111001011001100
00000000000000000000000000000000000000111101001101100100110000010000010000
00000000000000000000000000000000000001001100000011000110101000110100110000
00000000000000000000000000000000000001110001001110100010011000100100100000
