# 14 base index on 22, 3 mismatches 
000110111111100011111
010111111110010111010
011010100110101111111
011101011110101111001
011111111001101100110
101001001111111011101
101111110010111010011
101111111100011001110
110011001011110110111
110101110101110101101
111010001101111101011
111011000111001111110
111100111011011110100
001001110011011101111
001011001110011110111
001111101101111110000
010010101011111101110
010010110111011111001
010100011100111110111
011011110101010010111
011101010110111101010
011101011010000111111
011101101110110010110
011111011011110001001
100001111100101111110
100111011111001100011
100111100010101111101
101000111111100110011
101110010001110111110
101110101110010101101
110011111000111001101
110101101001011011011
110111010110111010100
111010111010101011010
111011111110100100100
111100100111101000111
111110011001001011101
111111100100000111011
