# 11 <= C(39,25,4) <= 17
# Created by LJCR
# Method of Construction: Simple construction from (38,24,4)
 1  2  3  4  5  6  7 12 14 15 18 19 20 21 22 23 24 25 26 31 33 34 37 38 39 
 1  2  3  4  9 10 11 12 13 15 17 19 20 21 22 23 28 29 30 31 32 34 36 38 39 
 1  2  3  5  7  8  9 10 12 13 14 16 20 21 22 24 26 27 28 29 31 32 33 35 39 
 1  2  3  5  7  8 11 12 14 16 17 19 20 21 22 24 26 27 30 31 33 35 36 38 39 
 1  2  3  6  7  8  9 10 13 15 17 18 20 21 22 25 26 27 28 29 32 34 36 37 39 
 1  2  4  6  8 11 12 14 15 16 18 19 20 21 23 25 27 30 31 33 34 35 37 38 39 
 1  3  4  5  6  7  9 10 12 13 17 18 20 22 23 24 25 26 28 29 31 32 36 37 39 
 1  3  4  5  8 11 13 14 16 17 18 19 20 22 23 24 27 30 32 33 35 36 37 38 39 
 1  3  4  7  8  9 10 11 14 16 18 19 20 22 23 26 27 28 29 30 33 35 37 38 39 
 1  3  5  6  7  8 11 13 14 15 16 19 20 22 24 25 26 27 30 32 33 34 35 38 39 
 1  3  5  6  9 10 11 14 15 16 17 19 20 22 24 25 28 29 30 33 34 35 36 38 39 
 2  3  4  5  6  7  8 11 12 15 16 18 21 22 23 24 25 26 27 30 31 34 35 37 39 
 2  4  5  6  7  8  9 10 11 13 17 19 21 23 24 25 26 27 28 29 30 32 36 38 39 
 2  4  5  7  9 10 13 14 15 16 17 18 21 23 24 26 28 29 32 33 34 35 36 37 39 
 2  6  9 10 11 12 13 14 16 17 18 19 21 25 28 29 30 31 32 33 35 36 37 38 39 
 4  6  7  8  9 10 12 13 14 15 16 17 23 25 26 27 28 29 31 32 33 34 35 36 39 
 5  7  8  9 10 11 12 13 15 17 18 19 24 26 27 28 29 30 31 32 34 36 37 38 39 
