# 12 <= C(34,20,4) <= 23
# Created by VINICIUS ALVES
# Method of Construction: Cyclic Covering
 1  2  3  4  5  6  7  8  9 12 14 15 17 20 22 23 29 32 33 34 
 1  2  3  4  5  6  7  8  9 12 21 24 25 28 29 30 31 32 33 34 
 1  2  3  4  5  8 10 11 14 15 17 18 19 20 21 24 26 27 33 34 
 1  2  3  4  5  8 13 14 15 16 17 20 21 22 23 24 25 28 29 32 
 1  2  3  4  6  7  9 10 11 12 13 14 15 16 17 20 26 27 29 32 
 1  2  3  4  6  7  9 10 11 12 13 16 17 18 19 20 25 28 29 32 
 1  2  3  4 10 11 17 20 21 22 23 24 25 26 27 28 29 30 31 32 
 1  2  3  4 13 14 15 16 17 18 19 20 22 23 25 28 30 31 33 34 
 1  4  5  6  7  8  9 12 13 16 17 18 19 20 21 24 26 27 30 31 
 1  4  5  6  7  8 10 11 18 19 22 23 25 26 27 28 29 30 31 32 
 1  4  5  8  9 10 11 12 13 14 15 16 25 28 29 30 31 32 33 34 
 1  4  6  7  9 10 11 12 13 14 15 16 18 19 21 22 23 24 33 34 
 1  4  6  7 14 15 18 19 21 24 25 26 27 28 29 30 31 32 33 34 
 1  4  9 12 13 14 15 16 17 20 22 23 25 26 27 28 30 31 33 34 
 2  3  5  6  7  8  9 10 11 12 14 15 22 23 25 26 27 28 30 31 
 2  3  5  6  7  8 13 14 15 16 17 18 19 20 21 24 25 28 30 31 
 2  3  5  6  7  8 17 18 19 20 22 23 25 26 27 28 29 32 33 34 
 2  3  5  8  9 10 11 12 13 16 18 19 26 27 29 30 31 32 33 34 
 2  3  6  7  9 10 11 12 13 16 21 22 23 24 25 26 27 28 33 34 
 2  3  9 10 11 12 14 15 17 18 19 20 21 22 23 24 29 30 31 32 
 5  6  7  8 10 11 13 16 17 20 21 22 23 24 29 30 31 32 33 34 
 5  8  9 10 11 12 14 15 17 18 19 20 21 24 25 28 30 31 33 34 
 5  8  9 12 13 14 15 16 18 19 21 22 23 24 25 26 27 28 29 32 
