 1  2  3  5  8 10 11 13 22
 1  2  4  5 11 14 16 20 23
 1  2  5  6 11 12 17 19 23
 1  2  5  7  9 11 15 18 21
 1  3  4  6  7  9 10 13 21
 1  3  8 10 13 15 17 18 23
 1  3 10 12 13 14 16 19 20
 1  4  7 10 12 15 18 19 20
 1  4  8  9 10 16 17 22 23
 1  6  8 14 15 16 18 20 22
 1  7  8  9 12 19 21 22 23
 1  7  8  9 14 16 17 20 21
 2  3  4 11 12 17 18 20 21
 2  3  5  7 10 11 15 16 19
 2  3  6  8  9 11 14 15 23
 2  4  6  7  8 11 12 13 20
 2  4  9 10 11 15 19 20 22
 2  6 10 11 16 17 18 21 22
 2  7 10 11 12 14 17 22 23
 2  8  9 11 12 13 15 16 17
 2  8 11 13 14 18 19 21 23
 3  4  5  7 14 17 18 21 22
 3  4  5  8 15 16 19 21 23
 3  5  6  9 16 17 18 19 22
 3  5  7  8 12 15 20 22 23
 3  6  9 10 12 14 15 20 21
 4  5  6  7 13 14 15 17 19
 4  5  7  8  9 10 12 14 18
 4  6  7 12 13 16 18 22 23
 5  6  8 10 17 19 20 21 23
 5  9 12 13 16 18 20 21 23
 9 13 14 15 17 19 20 21 22
