#
#C(25,11,4) <=68
#Method of construction: covering by kamal fadlaoui
#
 1  5  9 13 14 15 16 18 19 21 22
 2  3  5 10 13 14 15 16 20 21 24
 1  2  5  6  8 10 11 16 17 21 22
 1  3  6 10 13 14 16 18 19 21 22
 1  3  4  8 10 11 14 18 20 23 25
 1  2  4  9 10 13 15 17 19 20 23
 2  6  7  9 11 13 14 16 17 20 21
 1  2  5  7 10 12 13 19 23 24 25
 5  6  7  9 10 12 13 18 20 22 23
 2  4  5  7  9 12 16 18 19 23 25
 3  5  7  8 10 11 12 14 15 17 23
 1  2  3  5  6  8 11 13 19 21 23
 3 11 12 13 15 18 20 21 22 23 24
 1  2  4  5  6  7 18 20 21 23 24
 5  9 10 11 16 17 18 19 20 21 25
 2  8 12 14 17 19 20 21 22 23 25
 1  2  5  6  9 11 12 14 15 21 25
 2  3  4  7  8 13 15 17 18 21 22
 2  3  6 11 12 15 16 18 19 23 25
 1  4  6  7 10 12 16 20 21 22 24
 1  3  4  6  7 13 17 19 20 21 24
 1  2  3  7  8  9 15 16 17 22 24
 5 11 12 14 15 17 19 20 21 22 24
 4  6 10 13 15 17 18 22 23 24 25
 1  4  5  8 10 11 13 17 19 20 25
 5  6  7  8 13 14 15 16 20 23 25
 3  4  5  7 10 12 13 14 16 17 21
 2  4  6  8  9 10 11 13 18 22 24
 1  2  3  4  5  8 12 16 20 22 25
 1  5  6  9 11 12 14 15 17 18 25
 3  5  7  8  9 10 11 17 18 23 24
 4  7  9 11 14 18 19 21 22 23 25
 1  2  3  4  5  9 10 14 15 18 20
 3  5  8  9 13 18 20 21 22 24 25
 2  6  7  8 10 11 12 15 20 22 25
 2  3  6  8 10 11 14 19 22 23 24
 1  2  4  6  7 11 14 18 20 21 24
 3  6  7  9 10 12 14 17 19 20 22
 3  6  7  8 15 16 17 18 19 20 25
 1  7  8  9 10 11 12 13 15 19 24
 2 10 15 16 17 18 19 20 21 23 24
 4  7  8 10 11 12 15 16 18 19 21
 3  4  5  7  9 11 13 17 21 23 25
 1  4  6  7  8  9 15 20 21 24 25
 1  6  9 10 15 16 17 21 22 23 25
 3  8  9 10 11 13 14 16 21 23 25
 4  6  8  9 12 13 14 16 17 23 24
 2  4  5 11 12 13 14 15 16 17 25
 3  4  5  6  8  9 12 16 18 19 24
 2  3  8  9 12 13 18 20 21 22 25
 1  3  6  9 12 13 15 18 19 21 25
 2  4  5  7  9 10 12 16 21 23 25
 1  7 11 13 14 16 18 19 22 24 25
 1  2  8  9 13 14 16 18 19 22 23
 1  5  6  8 12 13 14 17 18 21 23
 1  3  4  9 11 12 15 16 20 22 23
 8  9 10 11 14 16 20 21 23 24 25
 2  3  4  6  9 11 14 19 22 23 24
 2  4  5  7  8 14 15 19 21 22 23
 1  4 12 13 14 16 17 18 19 20 22
 2  3  5  6  7 11 14 17 19 20 23
 2  8  9 12 17 19 20 21 22 24 25
 3  4  5  6 10 14 15 19 22 24 25
 1  3  5  7 11 16 17 22 23 24 25
 1  2  3  7 10 12 14 17 18 24 25
 2  4  5  6  9 11 13 17 18 22 24
 2  4  6 11 12 13 15 16 17 24 25
 1  2  5  7  8  9 14 15 18 23 24

