# 24 <= C(34,20,5) <= 45
# Created by LJCR
# Method of Construction: Dynamic programming construction
 1  2  3  4  5  6  7  8  9 10 11 13 14 16 19 20 22 23 29 32 
 1  2  3  4  5  6  7  8  9 10 12 15 16 17 27 28 29 30 32 33 
 1  2  3  4  5  6  7  8  9 10 16 18 21 24 25 26 29 31 32 34 
 1  2  3  4  5  6  7  8 11 12 13 15 18 23 24 25 27 32 33 34 
 1  2  3  4  5  6  7  8 11 13 17 21 22 23 24 26 28 30 31 32 
 1  2  3  4  5  6  7  8 12 14 15 19 20 21 22 26 27 31 32 33 
 1  2  3  4  5  6  7  8 14 17 18 19 20 22 24 25 28 30 32 34 
 1  2  3  4  5  6  7  9 11 12 15 16 17 20 21 22 23 24 25 26 
 1  2  3  4  5  6  7  9 11 16 18 20 22 23 27 28 30 31 33 34 
 1  2  3  4  5  6  7  9 12 13 14 15 16 17 18 19 22 23 31 34 
 1  2  3  4  5  6  7  9 13 14 16 19 21 24 25 26 27 28 30 33 
 1  2  3  4  5  6  7 10 11 12 14 15 19 23 24 25 28 29 30 31 
 1  2  3  4  5  6  7 10 11 14 17 18 19 21 23 26 27 29 33 34 
 1  2  3  4  5  6  7 10 12 13 15 18 20 21 22 26 28 29 30 34 
 1  2  3  4  5  6  7 10 12 13 17 18 20 22 24 25 27 29 31 33 
 1  2  3  4  5  6  8  9 11 12 15 19 20 24 26 28 29 30 33 34 
 1  2  3  4  5  6  8  9 11 12 17 18 19 20 21 25 27 29 30 31 
 1  2  3  4  5  6  8  9 12 13 14 17 22 23 24 26 27 29 30 34 
 1  2  3  4  5  6  8  9 13 14 15 18 21 22 23 25 28 29 31 33 
 1  2  3  4  5  6  8 10 11 12 14 16 18 19 20 22 25 26 27 28 
 1  2  3  4  5  6  8 10 11 14 15 16 17 21 22 24 30 31 33 34 
 1  2  3  4  5  6  8 10 12 13 16 19 20 21 23 24 27 28 31 34 
 1  2  3  4  5  6  8 10 13 15 16 17 18 19 20 23 25 26 30 33 
 1  2  3  4  5  6  9 10 11 12 13 14 17 20 21 25 28 32 33 34 
 1  2  3  4  5  6  9 10 11 13 14 15 18 20 24 26 27 30 31 32 
 1  2  3  4  5  6  9 10 12 17 18 19 22 23 24 26 28 31 32 33 
 1  2  3  4  5  6  9 10 13 15 17 19 21 22 23 25 27 30 32 34 
 1  2  3  4  5  6  9 12 14 16 18 20 21 23 24 25 29 30 32 33 
 1  2  3  4  5  6 11 12 13 16 19 22 25 26 29 30 31 32 33 34 
 1  2  3  4  5  6 11 13 15 16 17 18 19 21 22 24 27 28 29 32 
 1  2  3  4  5  6 14 15 16 17 20 23 25 26 27 28 29 31 32 34 
 7  8  9 10 11 12 13 14 15 16 17 18 19 20 21 22 23 28 29 30 
 7  8  9 10 11 12 13 14 15 16 17 18 19 20 21 24 25 28 31 32 
 7  8  9 10 11 12 13 14 15 16 17 18 19 20 21 26 27 28 33 34 
 7  8  9 10 11 12 13 14 15 16 17 18 19 20 22 24 26 29 31 33 
 7  8  9 10 11 12 13 14 15 16 17 18 19 20 22 25 27 29 32 34 
 7  8  9 10 11 12 13 14 15 16 17 18 19 20 23 24 27 30 31 34 
 7  8  9 10 11 12 13 14 15 16 17 18 19 20 23 25 26 30 32 33 
 7  8  9 14 15 16 21 22 23 24 25 26 27 28 29 30 31 32 33 34 
 7 10 11 14 17 18 21 22 23 24 25 26 27 28 29 30 31 32 33 34 
 7 12 13 14 19 20 21 22 23 24 25 26 27 28 29 30 31 32 33 34 
 8 10 12 15 17 19 21 22 23 24 25 26 27 28 29 30 31 32 33 34 
 8 11 13 15 18 20 21 22 23 24 25 26 27 28 29 30 31 32 33 34 
 9 10 13 16 17 20 21 22 23 24 25 26 27 28 29 30 31 32 33 34 
 9 11 12 16 18 19 21 22 23 24 25 26 27 28 29 30 31 32 33 34 
