# 7 <= C(34,20,3) <= 11
# Created by LJCR
# Method of Construction: Dynamic construction
 1  2  3  4  5  6  7  8  9 10 11 12 13 14 15 16 17 18 19 20 
 1  2  3  4  5  6  7 15 16 17 18 19 20 21 22 23 24 25 26 34 
 1  2  3  4  5  6  7 21 22 23 24 25 26 27 28 29 30 31 32 33 
 1  2  3  4  5  6  8  9 10 11 12 13 14 21 22 23 24 25 26 34 
 1  2  3  4  5  6  8  9 10 11 12 13 14 27 28 29 30 31 32 33 
 1  2  3  4  5  6 15 16 17 18 19 20 27 28 29 30 31 32 33 34 
 7  8  9 11 12 13 14 15 16 18 19 20 21 23 24 26 27 28 29 33 
 7  8 10 13 14 16 17 18 19 21 22 23 25 26 28 30 31 32 33 34 
 7  9 10 11 12 15 16 17 18 20 22 24 25 27 28 29 30 31 32 34 
 8  9 10 11 12 13 14 15 19 20 21 22 23 24 25 26 27 29 33 34 
 8  9 11 12 13 14 15 17 19 20 21 23 24 26 27 29 30 31 32 33 
